1, 52, 76, 53, 76, 55, 77, 68, 77, 69, 77
1, 57, 80, 64, 80, 82, 82, 94, 94
1, 67, 77, 72, 78, 73, 78, 82, 78, 83, 78, 84, 78, 85, 78, 90, 79
1, 51, 92, 52, 84, 52, 85, 52, 86, 52, 87, 57, 81, 58, 83, 58, 84, 59, 86, 59, 87, 60, 89, 60, 90, 61, 93, 64, 78, 64, 79, 65, 82, 66, 84, 67, 86, 68, 88, 69, 90, 70, 92, 75, 80, 76, 81, 77, 82, 78, 83, 79, 84, 81, 79, 81, 80, 82, 88, 83, 83, 83, 89, 84, 90, 88, 94, 94, 82
1, 51, 91, 52, 77, 52, 80, 52, 81, 52, 82, 52, 88, 52, 89, 52, 90, 54, 77, 57, 82, 58, 85, 59, 88, 66, 83, 67, 85, 68, 87, 71, 78, 74, 79, 79, 85, 80, 86, 86, 85, 87, 94, 88, 79, 89, 79, 89, 88, 92, 91, 93, 81
1, 51, 93, 52, 83, 60, 91, 61, 92, 61, 94, 62, 95, 64, 77, 69, 95, 71, 94, 81, 87, 84, 84, 85, 85, 86, 86, 87, 87, 87, 93, 88, 88, 88, 95, 89, 89, 90, 90, 91, 80, 91, 91, 92, 92, 93, 93, 95, 95
1, 51, 78, 51, 94, 51, 95, 52, 78, 52, 79, 52, 91, 52, 95, 53, 77, 53, 95, 54, 95, 55, 95, 56, 78, 56, 95, 57, 79, 57, 83, 57, 95, 58, 95, 59, 95, 60, 92, 60, 95, 61, 95, 64, 81, 65, 81, 66, 77, 66, 82, 67, 84, 68, 86, 68, 89, 69, 89, 69, 91, 70, 78, 70, 91, 71, 93, 72, 95, 73, 95, 74, 95, 75, 79, 75, 81, 75, 95, 76, 82, 76, 95, 77, 83, 77, 95, 78, 84, 78, 95, 79, 95, 80, 85, 80, 95, 81, 88, 81, 95, 82, 81, 82, 89, 82, 95, 83, 82, 83, 90, 83, 95, 84, 83, 84, 91, 84, 95, 85, 84, 85, 92, 85, 95, 86, 79, 86, 93, 86, 95, 87, 79, 87, 86, 87, 95, 88, 87, 90, 89, 91, 90, 92, 81, 93, 82, 93, 92, 94, 93, 95, 83, 95, 84, 95, 85, 95, 86, 95, 87, 95, 88, 95, 89, 95, 90, 95, 91, 95, 92, 95, 93, 95, 94
1, 50, 94, 50, 95, 51, 79, 65, 77, 70, 93
2, 51, 77, 51, 81, 51, 82, 51, 89, 51, 90, 65, 83, 67, 87
3, 60, 87, 61, 90, 82, 83, 94, 81
5, 59, 83, 60, 86, 61, 89, 89, 94
5, 83, 84, 84, 85, 86, 87, 87, 88, 87, 92, 89, 90, 90, 91, 92, 93
5, 85, 86, 88, 89, 88, 93, 91, 92
6, 5, 75, 36, 15, 36, 55, 40, 35
6, 11, 72, 36, 32, 37, 18, 38, 18, 38, 35, 39, 18, 39, 21, 39, 35
6, 36, 9, 38, 32, 41, 12, 41, 15
6, 11, 73, 11, 74, 35, 29, 36, 38, 36, 41, 37, 41, 38, 41, 39, 41
6, 37, 9, 37, 12, 38, 12, 39, 12, 40, 12, 40, 15
6, 35, 35, 37, 38, 39, 52, 39, 55
6, 35, 49, 36, 49, 37, 21, 37, 49, 38, 15, 38, 49
6, 45, 46, 45, 47, 45, 48, 45, 49
6, 2, 73, 36, 29, 40, 29, 40, 30
6, 2, 71, 37, 29, 39, 9, 40, 26
6, 3, 71, 36, 23, 36, 24, 36, 26, 38, 24, 38, 29
6, 3, 72, 37, 23, 37, 24, 37, 26, 37, 27, 38, 26, 38, 27, 39, 24, 39, 26, 39, 27, 39, 29
6, 13, 75, 34, 46, 35, 15, 35, 18, 35, 26, 40, 49
6, 0, 72, 0, 73, 0, 74, 0, 75
6, 14, 74, 39, 47, 40, 47, 41, 9
6, 35, 47, 36, 44, 36, 50, 39, 50
6, 36, 47, 37, 50, 38, 50, 40, 9, 45, 34, 45, 36, 45, 38, 45, 39
6, 5, 59, 5, 60, 5, 61, 5, 62, 6, 60, 6, 61, 6, 62, 6, 63
6, 46, 86, 46, 87, 46, 88, 46, 89, 46, 90
6, 81, 34, 82, 34, 83, 34, 84, 34, 85, 34, 90, 34, 91, 34, 92, 34, 93, 34
7, 3, 74, 26, 7, 36, 20, 42, 12, 46, 32, 47, 32
7, 3, 75, 3, 78, 16, 71, 36, 30, 39, 33
7, 3, 76, 3, 77, 35, 33, 39, 23, 40, 23
7, 6, 75, 36, 17, 37, 20, 37, 30, 37, 36, 40, 36
7, 16, 69, 35, 9, 40, 20, 42, 15
7, 36, 14, 36, 33, 37, 17, 37, 33, 38, 17, 38, 20, 38, 33, 38, 36, 39, 20, 39, 36, 41, 35
7, 39, 17, 41, 23, 86, 34, 88, 34
7, 6, 76, 23, 4, 32, 55, 34, 54
7, 1, 54, 2, 40, 4, 54, 5, 44, 6, 87
7, 33, 52, 34, 56, 35, 20, 95, 15
7, 9, 71, 35, 56, 36, 56, 46, 52
7, 12, 87, 20, 0, 34, 50, 73, 34
7, 17, 71, 34, 51, 37, 53, 42, 23, 72, 34
7, 0, 70, 33, 49, 34, 53, 39, 39
7, 35, 14, 41, 38, 44, 33, 75, 34
7, 35, 17, 37, 56, 38, 56, 42, 18
7, 36, 13, 36, 36, 41, 33, 78, 34
7, 15, 70, 34, 29, 42, 33, 78, 33
7, 44, 84, 44, 85, 44, 86, 44, 87, 44, 88, 44, 89
7, 4, 72, 4, 77, 25, 7, 40, 56, 46, 43, 80, 33, 81, 33, 82, 33, 83, 33, 84, 33, 90, 35, 91, 35, 92, 35, 93, 35, 94, 35
7, 4, 73, 4, 76, 37, 16, 38, 37, 40, 19, 46, 44
7, 4, 74, 4, 75, 34, 26, 37, 6, 38, 22, 39, 37, 41, 25
7, 24, 6, 33, 56, 33, 59, 79, 33, 85, 33, 95, 35
7, 18, 84, 36, 31, 37, 19, 37, 31, 37, 34, 38, 19, 38, 34, 39, 19, 39, 22, 39, 34, 40, 22, 46, 51
7, 29, 61, 31, 3, 35, 28, 38, 31, 41, 39, 44, 51
7, 34, 23, 34, 24, 35, 31, 36, 16, 36, 19, 36, 34, 38, 16, 40, 34, 40, 37, 41, 19, 41, 22, 46, 41
7, 22, 68, 25, 5, 26, 6, 32, 56, 33, 54, 44, 46, 44, 47, 44, 48, 44, 49, 44, 50
7, 1, 77, 41, 57, 42, 57, 43, 57, 44, 45
7, 1, 75, 8, 78, 18, 80, 35, 16, 35, 19, 41, 34, 41, 36, 44, 57
7, 5, 78, 12, 75, 18, 81, 18, 82, 18, 83, 34, 5, 35, 11, 36, 8, 37, 14, 38, 8, 40, 17, 40, 57
7, 15, 73, 33, 50, 34, 31, 37, 8
7, 46, 45, 46, 46, 46, 47, 46, 48, 46, 49, 46, 50
7, 7, 78, 40, 42, 42, 24, 44, 52, 87, 59, 93, 59, 94, 59, 95, 59
7, 6, 77, 24, 65, 25, 64, 26, 63, 34, 27, 34, 30, 35, 42, 36, 6, 37, 39, 38, 45, 88, 59, 89, 59, 90, 59, 91, 59, 92, 59
7, 4, 78, 12, 72, 12, 73, 12, 74, 27, 62, 34, 42, 35, 39, 36, 39, 36, 42, 37, 22, 37, 42, 38, 42, 39, 42, 39, 45, 40, 25, 41, 11, 41, 40, 41, 47, 60, 32, 79, 9, 80, 9, 81, 9
7, 12, 71, 32, 4, 33, 43, 37, 45, 38, 39, 39, 14, 39, 57, 40, 45, 41, 17, 82, 9, 83, 9, 84, 9, 85, 9
7, 3, 35, 13, 95, 30, 60, 32, 59, 35, 8, 36, 11, 37, 11, 38, 11, 38, 14, 39, 7, 39, 11, 40, 11, 40, 14, 40, 48, 41, 14, 41, 37, 41, 42, 42, 20, 86, 9, 88, 35
7, 3, 31, 22, 4, 33, 40, 33, 44, 33, 46, 35, 36, 41, 44, 41, 49, 41, 50, 42, 17
7, 23, 66, 33, 47, 33, 48, 34, 28, 34, 36, 41, 43, 41, 46, 41, 48, 45, 57, 47, 57, 48, 57, 61, 32, 62, 32, 63, 32, 64, 32, 65, 32, 66, 32
7, 0, 36, 0, 37, 0, 38, 0, 39, 0, 40, 0, 41, 0, 42, 0, 43, 0, 52, 0, 53, 0, 54, 0, 67, 0, 68, 0, 79, 0, 80, 0, 81, 0, 82, 0, 83, 0, 84, 0, 85, 0, 86, 0, 87, 1, 86, 1, 95, 2, 95, 3, 34, 3, 95, 4, 41, 4, 95, 5, 89, 5, 95, 6, 78, 6, 95, 7, 86, 7, 95, 8, 80, 8, 88, 8, 95, 9, 95, 10, 51, 10, 56, 10, 95, 11, 51, 12, 70, 14, 94, 15, 52, 15, 56, 15, 92, 16, 91, 19, 70, 33, 45, 34, 39, 34, 58, 41, 45, 41, 51, 42, 11, 42, 25, 42, 31, 46, 57
7, 1, 78, 3, 29, 3, 33, 16, 36, 18, 69, 20, 69, 21, 69, 22, 66, 22, 67, 23, 65, 27, 61, 28, 61, 30, 59, 33, 41, 33, 42, 35, 13, 42, 19, 42, 26, 43, 8, 44, 8, 45, 8, 46, 8, 49, 57, 52, 8, 53, 8, 54, 8
7, 0, 0, 0, 1, 0, 2, 0, 3, 0, 4, 0, 5, 0, 6, 0, 7, 0, 8, 0, 9, 0, 10, 0, 11, 0, 12, 0, 13, 0, 14, 0, 15, 0, 16, 0, 17, 0, 18, 0, 19, 0, 20, 0, 21, 0, 22, 0, 23, 0, 24, 0, 25, 0, 26, 0, 27, 0, 28, 0, 29, 0, 31, 0, 32, 0, 33, 0, 34, 0, 35, 0, 78, 1, 0, 1, 28, 1, 29, 1, 31, 1, 32, 2, 0, 3, 0, 3, 28, 4, 0, 4, 29, 5, 0, 6, 0, 7, 0, 8, 0, 8, 28, 9, 0, 9, 70, 10, 0, 11, 0, 11, 95, 12, 0, 12, 30, 13, 0, 13, 70, 14, 0, 14, 31, 15, 0, 16, 0, 17, 0, 17, 84, 17, 85, 17, 86, 17, 87, 17, 88, 17, 89, 18, 0, 21, 68, 23, 0, 24, 0, 24, 64, 25, 0, 25, 63, 26, 0, 26, 62, 27, 1, 28, 2, 29, 3, 29, 60, 30, 3, 31, 59, 33, 58, 35, 6, 36, 51, 39, 54, 42, 28, 49, 51, 50, 51, 51, 8, 55, 8, 56, 8, 57, 8, 58, 8, 66, 42, 67, 32
7, 1, 70, 2, 28, 2, 32, 2, 35, 3, 32, 10, 70, 11, 47, 11, 48, 11, 49, 11, 50, 18, 71, 21, 4, 27, 0, 28, 1, 29, 2, 32, 5, 33, 5, 34, 16, 34, 19, 34, 22, 34, 25, 39, 8, 40, 54, 42, 14, 59, 8, 59, 32
7, 0, 30, 0, 69, 2, 36, 16, 67, 31, 4, 32, 54, 34, 6, 34, 14, 34, 17, 34, 20, 34, 45, 34, 48, 43, 11, 44, 44, 75, 58, 76, 58
7, 2, 37, 11, 36, 11, 70, 11, 88, 15, 74, 18, 68, 35, 45, 35, 48, 36, 48, 37, 48, 37, 57, 38, 7, 38, 48, 38, 51, 39, 51, 40, 51, 42, 27, 43, 9, 69, 42, 70, 58, 71, 58, 72, 58, 73, 58, 74, 58, 86, 35
7, 1, 71, 1, 72, 1, 73, 11, 37, 11, 38, 24, 7, 34, 15, 34, 18, 35, 57, 44, 38, 44, 39, 77, 58, 86, 33
7, 1, 74, 14, 70, 19, 71, 20, 70, 21, 3, 36, 28, 36, 57, 41, 28, 42, 29, 42, 30, 80, 35, 81, 35, 82, 35, 83, 35, 84, 35, 85, 35, 89, 33, 90, 33, 91, 33, 92, 33, 93, 33, 94, 33
7, 19, 0, 22, 0, 23, 2, 26, 5, 34, 21, 36, 45, 37, 7, 37, 51, 38, 57, 39, 48, 41, 31, 43, 10, 44, 40, 44, 41, 44, 42, 44, 43, 69, 58, 78, 9, 88, 33
7, 2, 78, 35, 22, 42, 8, 47, 8, 53, 39, 57, 39, 70, 9, 70, 41, 71, 9, 72, 9, 73, 9, 74, 9, 75, 9, 76, 9, 77, 9
7, 35, 25, 36, 25, 37, 25, 37, 28, 38, 25, 38, 28, 39, 28, 40, 28, 50, 57, 51, 57, 52, 57, 53, 57, 54, 57, 55, 57, 56, 57, 57, 38, 57, 57, 58, 34, 58, 57, 69, 41, 71, 41, 95, 16, 95, 33
7, 36, 22, 48, 8, 49, 8, 51, 38, 51, 39, 51, 40, 51, 41, 52, 41, 53, 38, 57, 36, 57, 40, 59, 57, 69, 57, 74, 41, 75, 26, 75, 40, 78, 58, 79, 58, 80, 58, 81, 58, 82, 58, 83, 58, 84, 58, 85, 58, 86, 58, 95, 40
7, 52, 38, 60, 57, 61, 57, 62, 57, 63, 57, 64, 57, 65, 57, 66, 57, 67, 57, 68, 57, 73, 24, 73, 25, 73, 26, 74, 24, 74, 26, 75, 24, 76, 24, 76, 26, 87, 58, 95, 11, 95, 12, 95, 13, 95, 17, 95, 18, 95, 19, 95, 20, 95, 21, 95, 22, 95, 23, 95, 24, 95, 25, 95, 26, 95, 27, 95, 28, 95, 29, 95, 30, 95, 31, 95, 37, 95, 38, 95, 39, 95, 52, 95, 58
7, 39, 25, 40, 8, 40, 31, 41, 8, 49, 44, 50, 8, 53, 41, 54, 44, 57, 37, 64, 50, 65, 50, 66, 47, 69, 9, 87, 35, 95, 41, 95, 42, 95, 43, 95, 44, 95, 45, 95, 46, 95, 47, 95, 48, 95, 49, 95, 50, 95, 51, 95, 56, 95, 57
7, 39, 31, 44, 35, 44, 36, 44, 37, 53, 40, 66, 45, 79, 35, 87, 33
7, 44, 34, 57, 34, 76, 25, 88, 10, 89, 10, 90, 10, 91, 10, 92, 10, 93, 10, 94, 10, 95, 10, 95, 32
7, 47, 40, 54, 51, 59, 9, 60, 9, 61, 9, 62, 9, 63, 9, 64, 9, 64, 51, 65, 9, 66, 9, 66, 44, 66, 46, 67, 9, 67, 44, 68, 9, 68, 44, 75, 38, 87, 10, 95, 14
7, 0, 44, 0, 51, 0, 66, 1, 94, 2, 60, 2, 86, 3, 92, 7, 82, 7, 87, 9, 88, 10, 88, 13, 36
7, 4, 70, 6, 28, 11, 30, 14, 32, 14, 84
7, 0, 58, 1, 52, 1, 64, 3, 43, 3, 55, 4, 53, 4, 65, 4, 66, 4, 85, 13, 52, 15, 53
7, 4, 58, 4, 59, 4, 60, 4, 61, 4, 62, 4, 63, 7, 58, 7, 59, 7, 60, 7, 61, 7, 62, 7, 63, 7, 64, 7, 65, 7, 66, 7, 67, 10, 52, 11, 40, 11, 43, 11, 52, 12, 56, 15, 82, 16, 81
7, 35, 92, 35, 93, 35, 94, 35, 95
7, 50, 77, 50, 81, 50, 82, 50, 89
7, 0, 76, 35, 40, 37, 43, 39, 43
7, 13, 73, 36, 10, 38, 40, 41, 16
7, 34, 38, 37, 10, 38, 10, 38, 13, 39, 13, 40, 13
7, 45, 85, 45, 86, 45, 87, 45, 88, 45, 89
7, 51, 44, 52, 44, 56, 44, 57, 44, 58, 44, 59, 44, 60, 44
7, 56, 51, 57, 51, 58, 51, 59, 51, 60, 51
7, 0, 55, 1, 49, 3, 57, 4, 91, 8, 81, 9, 57, 9, 80, 14, 56, 15, 55, 15, 83, 16, 82
7, 0, 95, 1, 51, 2, 46, 6, 88, 14, 52, 15, 36
7, 9, 30, 15, 32, 16, 35, 17, 81
7, 48, 46, 48, 47, 48, 48, 48, 49, 49, 45, 53, 44, 65, 49
7, 57, 35, 59, 41, 60, 41, 65, 41, 73, 41
7, 0, 45, 0, 56, 0, 57, 1, 53, 1, 65, 2, 39, 2, 59, 2, 61, 2, 93, 3, 54, 5, 84, 6, 83, 7, 69, 8, 87, 11, 44, 11, 45, 13, 56
7, 1, 87, 3, 56, 4, 64, 4, 67, 4, 69, 8, 57, 8, 85, 12, 52, 15, 54
7, 0, 88, 3, 44, 4, 68, 8, 82, 8, 86, 11, 41, 11, 42, 11, 56, 18, 77
7, 10, 30, 12, 31, 12, 35, 18, 76
7, 4, 57, 4, 89, 5, 88, 7, 57, 10, 79
7, 49, 94, 49, 95, 64, 83, 69, 94
8, 48, 72, 48, 73, 48, 74, 89, 76
8, 48, 94, 48, 95, 49, 91, 59, 79, 60, 82, 60, 84, 61, 85, 61, 87, 62, 81, 62, 88, 63, 83, 66, 88, 78, 80, 79, 80, 86, 89, 87, 90, 91, 95
8, 44, 77, 49, 77, 49, 80, 49, 81, 49, 82, 49, 88, 49, 89, 49, 90, 59, 81, 62, 90, 63, 91, 64, 85, 64, 94, 65, 87, 82, 84, 88, 91, 92, 95, 94, 80
8, 47, 84, 47, 86, 47, 87, 47, 88, 47, 89, 47, 92
8, 49, 0, 50, 0, 51, 0, 52, 0, 53, 0, 54, 0, 55, 0, 56, 0, 57, 0, 58, 0, 59, 0, 60, 0, 61, 0, 62, 0, 63, 0, 64, 0, 65, 0, 66, 0, 67, 0, 68, 0, 69, 0, 70, 0, 71, 0, 72, 0, 73, 0, 74, 0, 75, 0, 76, 0, 77, 0, 78, 0, 79, 0, 80, 0, 81, 0, 82, 0, 83, 0, 84, 0, 85, 0, 86, 0, 87, 0, 88, 0, 89, 0, 90, 0, 91, 0, 92, 0, 93, 0, 94, 0, 95, 0, 95, 1, 95, 2, 95, 3, 95, 4, 95, 5
8, 19, 95, 73, 63, 73, 64, 80, 65, 83, 67, 83, 70, 87, 69, 90, 71, 92, 72
8, 20, 77, 77, 63, 82, 66, 89, 70, 94, 73
8, 19, 79, 41, 58, 42, 58, 43, 58
8, 74, 65, 76, 66, 78, 67, 80, 68, 85, 68, 87, 72, 88, 70
8, 29, 0, 29, 62, 33, 3, 35, 59, 37, 5
8, 39, 58, 40, 6, 83, 8, 86, 60, 87, 60, 88, 60, 89, 60, 90, 60, 91, 60
8, 30, 1, 31, 2, 84, 8, 85, 8, 86, 8, 87, 8, 92, 60
8, 32, 3, 34, 59, 37, 58, 68, 59
8, 36, 5, 38, 58, 39, 6, 60, 7
8, 55, 7, 56, 7, 57, 7, 58, 7, 59, 7, 82, 8
8, 45, 7, 46, 7, 79, 8, 80, 8
8, 44, 7, 48, 58, 54, 7, 74, 59, 81, 8
8, 43, 7, 51, 7, 75, 59, 76, 59, 78, 8
8, 69, 59, 70, 59, 71, 59, 72, 59, 73, 59, 94, 60
8, 35, 5, 38, 6, 73, 8, 74, 8, 75, 8, 76, 8, 77, 8
8, 18, 85, 18, 86, 18, 87, 28, 62
8, 50, 58, 51, 58, 52, 58, 53, 58, 54, 58, 55, 58
8, 23, 67, 50, 7, 56, 58, 57, 58, 58, 58
8, 78, 59, 79, 59, 80, 59, 81, 59, 82, 59, 83, 59, 84, 59, 85, 59
8, 88, 9, 89, 9, 90, 9, 91, 9, 92, 9, 93, 9, 94, 9, 95, 9
8, 64, 8, 65, 8, 66, 8, 67, 8
8, 47, 78, 47, 79, 47, 80, 47, 82
8, 48, 93, 49, 83, 60, 81, 61, 84, 62, 82, 62, 87, 63, 84, 64, 86, 65, 88, 65, 95, 66, 90, 66, 95, 67, 92, 67, 94, 78, 79, 89, 92, 90, 93, 91, 94
8, 61, 58, 62, 58, 63, 58, 64, 58
8, 75, 62, 78, 64, 85, 71, 95, 74
8, 56, 75, 68, 75, 69, 75, 70, 75, 72, 76
8, 45, 71, 48, 75, 51, 74, 52, 74, 53, 74, 71, 75, 73, 76, 74, 76, 81, 76, 82, 76, 83, 76, 84, 76, 85, 76, 86, 76, 87, 76
8, 45, 72, 45, 73, 45, 74, 91, 77
8, 47, 93, 47, 94, 47, 95, 64, 84, 77, 79, 82, 85
8, 50, 84, 59, 80, 80, 83, 81, 84, 83, 86, 87, 91, 90, 94, 95, 80
8, 54, 74, 57, 75, 63, 75, 64, 75, 65, 75, 67, 75, 80, 76, 88, 76
8, 47, 83, 50, 88, 62, 91, 63, 94, 68, 94
8, 49, 78, 49, 79, 49, 92, 50, 85, 50, 86, 50, 87, 60, 83, 61, 86, 62, 79, 62, 80, 62, 89, 63, 82, 63, 92, 63, 93, 64, 95, 65, 86, 66, 89, 67, 90, 67, 91, 67, 95, 68, 92, 68, 93, 79, 79, 79, 81, 79, 82, 83, 85, 84, 86, 84, 87, 85, 87, 85, 88, 86, 88, 87, 89, 88, 90, 88, 92, 89, 91, 89, 93, 90, 92, 91, 93, 92, 94
8, 35, 82, 35, 83, 35, 84, 35, 85, 35, 86, 35, 87, 35, 88, 35, 89, 35, 90
8, 21, 76, 35, 81, 37, 77, 40, 75
8, 20, 95, 36, 78, 36, 80, 38, 76
8, 21, 95, 22, 86, 22, 89, 22, 95, 23, 95, 24, 95, 25, 95, 26, 95, 27, 95, 28, 68, 28, 95, 29, 95, 30, 95, 31, 95, 32, 95, 33, 95, 34, 90, 34, 91, 34, 92, 34, 93, 34, 94, 34, 95, 35, 80, 37, 78, 39, 75, 40, 74, 41, 74, 42, 74
8, 33, 0, 34, 0, 35, 0, 36, 0, 37, 0, 38, 0, 39, 0, 40, 0, 41, 0, 42, 0, 43, 0, 44, 0, 45, 0
8, 75, 65, 76, 62, 81, 66, 81, 69, 82, 69, 86, 69, 86, 72, 95, 62
8, 49, 63, 50, 74, 52, 63, 55, 74, 58, 75, 62, 75, 66, 75, 72, 75, 73, 62, 73, 65, 75, 66, 75, 76, 77, 67, 78, 63, 79, 64, 79, 65, 79, 68, 79, 76, 81, 65, 84, 67, 84, 71, 86, 68, 87, 75, 88, 69, 90, 76, 91, 71, 91, 72, 93, 72, 95, 63, 95, 64, 95, 65, 95, 66, 95, 67, 95, 68, 95, 69, 95, 70, 95, 71, 95, 72, 95, 73
8, 45, 70, 49, 75, 62, 76, 84, 68
10, 51, 45, 52, 45, 52, 50, 56, 45, 56, 50, 57, 45, 57, 50, 58, 45, 58, 50, 59, 45, 59, 50, 60, 45, 60, 50
10, 50, 47, 50, 48, 53, 46, 53, 49, 54, 46, 54, 49, 62, 49
10, 60, 39, 65, 39, 66, 39, 72, 39
10, 59, 36, 61, 39, 72, 36, 73, 38
10, 43, 92, 43, 93, 43, 94, 43, 95
10, 62, 39, 63, 39, 68, 39, 71, 39
10, 51, 46, 51, 49, 52, 46, 52, 49, 55, 46, 55, 49, 61, 46, 61, 49
10, 50, 46, 50, 49, 55, 45, 55, 50
10, 61, 35, 62, 35, 65, 35, 66, 35, 67, 35, 68, 35
12, 36, 83, 36, 84, 36, 85, 36, 86, 36, 87, 36, 88, 36, 89
15, 43, 84, 43, 85, 43, 86, 43, 87, 43, 88
17, 36, 93, 36, 94, 36, 95, 43, 82
22, 42, 91, 42, 92, 42, 93, 42, 94, 42, 95
22, 38, 82, 38, 90, 38, 91, 38, 92, 38, 93, 38, 94, 38, 95, 39, 79, 39, 80, 39, 95, 40, 79, 40, 95, 41, 78, 41, 82, 41, 83, 41, 84, 41, 85, 41, 86, 41, 87, 41, 88, 41, 89
22, 37, 83, 37, 84, 37, 85, 37, 86, 37, 87, 37, 88, 37, 89, 37, 90, 42, 78, 42, 79, 42, 80, 42, 81
23, 37, 91, 37, 92, 37, 93, 37, 94, 37, 95, 38, 79, 41, 77
23, 39, 78, 42, 83, 42, 84, 42, 85, 42, 86, 42, 87, 42, 88, 42, 89
