1, 72, 93, 72, 94, 75, 94, 81, 94, 84, 80
1, 35, 86, 35, 89, 44, 88, 44, 89, 44, 90, 56, 85, 73, 81, 84, 95, 88, 91, 94, 80
1, 35, 87, 56, 84, 75, 83, 84, 87, 91, 95
1, 32, 77, 33, 76, 70, 78, 71, 78, 88, 79, 95, 78
1, 27, 85, 28, 84, 29, 82, 30, 80, 31, 78, 35, 85, 35, 90, 35, 91, 35, 92, 35, 93, 35, 94, 35, 95, 36, 82, 36, 83, 37, 78, 37, 79, 37, 80, 43, 95, 45, 78, 45, 79, 45, 80, 45, 81, 45, 82, 45, 83, 55, 81, 55, 82, 56, 86, 57, 89, 57, 90, 58, 93, 58, 94, 72, 80, 74, 82, 76, 85, 83, 94, 89, 92, 90, 93, 93, 83, 95, 81
1, 22, 95, 26, 88, 73, 95, 74, 94, 76, 93, 80, 95
1, 27, 86, 31, 79, 35, 77, 35, 84, 44, 94, 45, 84, 48, 77, 49, 77, 50, 77, 51, 77, 72, 79, 74, 83, 78, 88, 84, 86, 85, 87, 86, 88, 86, 89, 90, 81, 91, 81, 91, 82
1, 44, 91, 44, 92, 44, 93, 54, 77, 54, 78, 54, 79, 55, 83, 56, 87, 57, 91, 58, 95, 75, 84, 83, 85, 89, 80, 91, 94, 92, 82, 94, 79, 94, 84
1, 70, 79, 71, 82, 71, 83, 71, 84, 71, 85, 71, 86, 71, 87, 71, 88, 71, 89, 71, 90, 77, 93, 78, 92, 78, 93, 81, 93
1, 23, 94, 23, 95, 24, 92, 24, 93, 24, 95, 25, 90, 25, 91, 25, 92, 25, 95, 26, 89, 26, 90, 26, 95, 27, 87, 27, 88, 27, 95, 28, 83, 28, 85, 28, 95, 29, 81, 29, 83, 29, 95, 30, 81, 30, 95, 31, 80, 31, 95, 32, 78, 32, 95, 33, 95, 34, 77, 34, 95, 35, 83, 36, 81, 44, 85, 44, 87, 44, 95, 45, 85, 45, 95, 46, 95, 47, 77, 47, 95, 48, 95, 49, 95, 50, 95, 51, 95, 52, 77, 52, 95, 53, 95, 54, 80, 54, 95, 55, 84, 55, 95, 56, 88, 56, 95, 57, 92, 57, 95, 68, 77, 71, 79, 71, 92, 72, 81, 73, 82, 75, 85, 76, 86, 77, 87, 81, 95, 82, 93, 82, 95, 83, 93, 83, 95, 84, 82, 85, 88, 87, 80, 87, 89, 88, 90, 89, 91, 90, 92, 91, 93, 92, 83, 92, 95, 93, 84, 93, 95, 94, 95, 95, 79, 95, 80, 95, 84, 95, 85, 95, 86, 95, 87, 95, 88, 95, 89, 95, 90, 95, 91, 95, 92, 95, 93, 95, 94, 95, 95
1, 35, 88, 55, 80, 58, 92, 78, 87
1, 37, 81, 44, 86, 46, 77, 53, 77, 57, 88
2, 70, 83, 70, 84, 70, 85, 70, 86
2, 27, 84, 43, 93, 55, 79, 56, 83, 59, 95
3, 68, 85, 69, 82, 69, 83, 69, 84, 69, 85
3, 63, 74, 64, 75, 64, 85, 66, 78, 68, 81, 68, 95
3, 63, 75, 63, 86, 65, 76, 66, 80, 66, 91, 67, 79, 69, 95
3, 65, 89, 67, 93, 67, 95, 68, 80
3, 63, 84, 64, 77, 65, 79, 66, 81, 67, 78
3, 64, 86, 65, 88, 66, 90, 67, 83
3, 62, 72, 62, 73, 62, 83, 66, 94
3, 36, 93, 36, 94, 36, 95, 44, 83, 87, 91, 88, 78, 88, 92, 89, 93
5, 38, 80, 43, 88, 43, 89, 43, 90
5, 36, 90, 44, 79, 56, 81, 59, 93, 95, 83
5, 80, 77, 81, 72, 81, 75, 81, 76, 81, 77
5, 79, 72, 79, 74, 79, 77, 79, 94, 81, 80, 81, 81
5, 44, 80, 58, 89, 75, 82, 83, 92
6, 16, 47, 16, 50, 17, 10, 17, 13, 17, 47, 17, 50, 18, 13, 18, 47, 18, 50, 19, 13, 19, 50
6, 17, 33, 17, 36, 18, 33, 18, 36, 19, 33, 19, 36
6, 15, 36, 15, 53, 18, 56, 19, 56, 20, 47
6, 16, 56, 17, 27, 18, 27, 19, 27, 20, 53, 88, 37
6, 17, 19, 17, 22, 18, 19, 19, 19, 19, 22, 21, 33, 89, 49
6, 17, 16, 18, 16, 19, 16, 20, 16
6, 15, 39, 15, 41, 15, 42, 20, 39, 42, 46
6, 16, 44, 17, 39, 17, 44, 18, 39, 19, 39, 20, 45
6, 16, 39, 16, 41, 16, 42, 17, 41, 17, 42, 18, 41, 18, 42, 19, 41, 19, 42, 19, 44, 88, 50, 89, 40
6, 3, 63, 26, 35, 26, 39, 26, 40, 26, 45, 26, 46
6, 26, 38, 26, 41, 26, 44, 26, 47
6, 20, 25, 26, 51, 43, 45, 92, 41
6, 37, 33, 38, 33, 39, 33, 54, 33, 55, 33, 56, 33, 57, 33, 58, 33, 59, 33
6, 16, 18, 20, 18, 20, 21, 26, 42, 87, 49, 89, 39
6, 17, 18, 17, 21, 18, 18, 18, 21, 19, 18, 19, 21, 92, 46
6, 21, 41, 21, 42, 21, 44, 21, 45
6, 40, 33, 41, 33, 42, 33, 43, 33, 44, 33, 45, 33, 46, 33, 47, 33, 48, 33, 49, 33, 50, 33, 51, 33, 52, 33
6, 15, 47, 15, 50, 16, 10, 20, 50
7, 42, 34, 43, 34, 44, 34, 45, 34, 46, 34, 47, 34, 48, 34, 49, 34, 50, 34, 51, 34
7, 17, 25, 17, 28, 18, 28, 19, 28
7, 33, 41, 34, 40, 50, 41, 51, 41, 54, 25, 55, 24, 65, 57, 87, 46, 88, 46, 90, 48, 90, 51, 91, 50, 95, 39, 95, 57
7, 33, 57, 34, 57, 35, 57, 36, 57, 37, 57, 38, 57, 39, 41, 39, 57, 40, 57, 41, 57, 42, 57, 43, 57, 44, 57, 45, 57, 46, 57, 47, 57, 48, 57, 49, 57, 50, 57, 51, 57, 52, 57, 53, 57, 54, 24, 54, 26, 54, 57, 55, 26, 55, 57, 56, 24, 56, 25, 56, 26, 56, 57, 57, 57, 58, 57, 59, 57, 60, 57, 61, 57, 62, 57, 63, 57, 64, 57, 93, 39, 95, 11, 95, 12, 95, 17, 95, 18, 95, 19, 95, 20, 95, 21, 95, 22, 95, 23, 95, 24, 95, 25, 95, 26, 95, 27, 95, 28, 95, 29, 95, 30, 95, 31, 95, 36, 95, 37, 95, 38, 95, 54
7, 14, 47, 14, 50, 16, 45, 17, 38, 20, 31, 20, 48, 21, 50
7, 16, 48, 16, 51, 17, 48, 17, 51, 18, 48, 18, 51, 19, 48, 19, 51
7, 17, 32, 17, 35, 18, 32, 18, 35, 19, 32, 19, 35, 21, 31, 21, 53
7, 14, 39, 14, 41, 14, 42, 14, 44, 95, 53
7, 51, 44, 51, 51, 52, 51, 56, 51, 57, 51, 58, 51, 59, 51, 60, 51
7, 36, 87, 56, 80, 59, 92, 93, 81
7, 2, 5, 14, 55, 18, 9, 27, 52
7, 17, 15, 18, 15, 19, 15, 20, 11, 20, 15, 22, 14
7, 15, 15, 16, 14, 17, 11, 17, 12, 17, 14, 18, 11, 18, 12, 18, 14, 19, 11, 19, 12, 19, 14, 20, 12, 20, 14, 21, 14
7, 14, 13, 15, 14, 19, 9, 34, 33, 43, 48
7, 14, 52, 25, 39, 25, 40, 25, 45, 33, 33, 90, 37
7, 14, 12, 21, 55, 25, 35, 25, 38, 25, 42, 25, 43, 25, 47, 87, 50
7, 17, 54, 25, 36, 25, 37, 25, 51, 93, 46
7, 14, 36, 25, 48, 25, 49, 25, 50
7, 3, 5, 15, 12, 22, 16, 25, 34
7, 14, 48, 16, 54, 16, 59, 19, 46, 20, 52, 21, 51, 25, 52
7, 14, 51, 15, 11, 17, 52, 18, 52, 19, 52, 22, 19
7, 15, 46, 15, 49, 18, 46, 20, 49, 22, 10
7, 16, 31, 16, 37, 16, 46, 16, 49, 17, 31, 17, 46, 17, 49, 18, 31, 18, 49, 19, 49
7, 0, 3, 15, 31, 15, 37, 19, 31, 20, 34, 20, 37, 65, 34, 66, 34
7, 16, 34, 17, 34, 17, 37, 18, 34, 18, 37, 19, 34, 19, 37, 64, 34
7, 15, 34, 42, 45, 62, 34, 88, 40, 90, 47
7, 3, 64, 8, 2, 22, 21, 86, 38
7, 1, 64, 2, 65, 9, 3, 10, 62, 17, 23, 22, 18, 90, 38
7, 1, 74, 4, 63, 6, 0, 12, 5, 14, 6, 15, 57
7, 0, 78, 16, 57, 17, 57, 21, 34, 21, 37, 27, 43, 36, 34, 61, 34
7, 14, 24, 14, 27, 14, 33, 20, 46, 39, 34, 55, 34
7, 0, 77, 3, 62, 14, 19, 14, 30, 21, 8, 22, 8, 23, 8, 24, 8, 25, 8, 42, 50
7, 14, 16, 16, 23, 19, 58, 21, 52, 87, 48
7, 14, 46, 14, 49, 15, 54, 21, 49
7, 11, 61, 13, 60, 14, 21, 15, 59, 16, 7, 20, 8
7, 7, 64, 14, 18, 18, 58, 19, 54, 20, 54, 26, 8, 33, 32, 34, 32, 86, 48, 95, 15
7, 14, 22, 14, 25, 14, 28, 22, 11, 22, 17, 29, 8, 32, 32
7, 6, 65, 15, 29, 16, 29, 17, 29, 18, 29, 18, 54, 19, 29, 21, 17, 31, 32, 35, 34, 89, 41
7, 10, 4, 14, 32, 15, 26, 16, 26, 17, 26, 18, 26, 19, 26, 20, 26, 20, 29, 30, 32, 41, 46
7, 1, 73, 14, 35, 14, 57, 15, 23, 21, 26, 21, 29, 21, 54, 21, 57, 35, 32
7, 0, 65, 14, 15, 18, 23, 22, 12, 23, 57, 24, 57, 36, 32, 37, 32, 38, 32, 39, 32, 40, 32, 41, 32, 42, 32, 43, 32, 44, 32, 45, 32, 46, 32, 47, 32, 48, 32, 49, 32, 50, 32, 51, 32, 52, 32, 53, 32, 54, 32, 55, 32, 56, 32, 57, 32, 58, 32, 59, 32, 60, 32, 86, 49, 89, 36
7, 0, 38, 0, 39, 0, 40, 0, 41, 0, 42, 0, 43, 0, 44, 0, 45, 0, 46, 0, 47, 0, 48, 0, 49, 0, 50, 0, 51, 0, 52, 0, 53, 0, 54, 0, 55, 0, 56, 0, 57, 0, 58, 0, 59, 0, 60, 0, 61, 0, 62, 0, 63, 0, 76, 4, 66, 8, 62, 14, 31, 14, 54, 20, 9, 22, 15, 22, 40, 22, 43, 22, 46
7, 5, 65, 5, 66, 6, 64, 7, 63, 11, 60, 13, 59, 14, 34, 14, 37, 21, 9, 25, 57
7, 0, 5, 0, 6, 0, 7, 0, 8, 0, 9, 0, 10, 0, 11, 0, 12, 0, 13, 0, 14, 0, 15, 0, 16, 0, 17, 0, 18, 0, 19, 0, 20, 0, 21, 0, 22, 0, 23, 0, 24, 0, 25, 0, 26, 0, 27, 0, 28, 0, 29, 0, 30, 0, 31, 0, 32, 0, 33, 0, 34, 0, 35, 0, 36, 0, 37, 0, 74, 0, 75, 1, 0, 2, 0, 3, 0, 3, 3, 4, 0, 6, 2, 8, 63, 9, 62, 10, 61, 12, 60, 13, 6, 14, 14, 14, 17, 14, 20, 14, 23, 14, 26, 14, 29, 14, 59, 22, 26, 22, 29, 22, 57, 25, 53, 27, 8, 27, 53, 47, 42, 48, 42, 49, 42, 61, 32, 87, 36
7, 0, 64, 2, 69, 5, 0, 10, 5, 11, 5, 14, 40, 14, 43, 15, 7, 17, 58, 22, 20, 22, 34, 22, 37, 22, 38, 28, 8, 93, 41
7, 0, 68, 0, 69, 1, 5, 1, 63, 2, 62, 3, 65, 4, 64, 6, 1, 7, 2, 8, 3, 9, 4, 12, 6, 14, 7, 14, 9, 21, 23, 22, 9, 22, 25, 22, 28, 22, 35, 22, 39, 22, 41, 22, 42, 22, 44, 22, 45, 86, 58, 87, 58, 88, 58, 89, 58, 90, 58, 91, 58, 92, 58, 93, 58, 94, 58, 95, 58
7, 2, 3, 16, 58, 39, 47, 65, 58, 66, 58, 67, 58, 68, 58, 69, 58, 70, 58, 71, 58, 72, 58, 73, 58, 74, 58, 75, 58, 76, 58, 77, 58, 78, 58, 79, 58, 80, 58, 81, 58, 82, 58, 83, 58, 84, 58, 85, 58, 88, 51, 91, 49, 93, 40
7, 0, 0, 19, 8, 67, 34, 92, 45, 92, 47
7, 0, 4, 3, 4, 14, 11, 18, 8, 19, 23, 20, 17, 20, 23, 90, 45, 90, 50
7, 15, 17, 15, 20, 16, 17, 16, 20, 17, 17, 17, 20, 18, 17, 18, 20, 19, 17, 19, 20, 20, 20, 21, 20, 21, 40, 21, 43, 21, 46, 22, 24, 22, 27, 22, 30, 22, 36, 26, 53, 91, 45
7, 14, 10, 17, 8, 33, 39, 40, 50, 66, 9, 67, 9, 68, 9, 69, 9, 70, 9, 71, 9, 72, 9, 73, 9, 74, 9, 75, 9, 76, 9, 77, 9, 78, 9, 79, 9, 80, 9, 81, 9, 82, 9, 83, 9, 84, 9, 85, 9, 86, 9, 86, 37, 87, 9, 88, 9, 89, 9, 90, 9, 91, 9, 92, 9, 93, 9, 93, 45, 93, 47, 94, 9, 95, 9
7, 15, 40, 15, 43, 16, 8, 16, 40, 16, 43, 17, 40, 17, 43, 18, 40, 18, 43, 19, 40, 19, 43, 20, 40, 20, 43, 22, 31, 91, 47, 95, 52
7, 26, 57, 27, 57, 28, 57, 29, 34, 29, 57, 30, 57, 31, 57, 32, 39, 55, 40, 91, 48
7, 29, 32, 40, 51, 41, 45, 42, 44, 42, 51, 87, 51, 88, 41, 95, 10
7, 29, 9, 30, 9, 30, 34, 31, 9, 31, 34, 31, 41, 32, 9, 33, 9, 34, 9, 35, 9, 36, 9, 37, 9, 38, 9, 39, 9, 40, 9, 41, 9, 42, 9, 43, 9, 44, 9, 45, 9, 46, 9, 46, 47, 47, 9, 48, 9, 49, 9, 49, 44, 49, 51, 50, 9, 51, 9, 52, 9, 53, 9, 54, 9, 54, 51, 55, 9, 56, 9, 57, 9, 58, 9, 59, 9, 60, 9, 61, 9, 62, 9, 63, 9, 64, 9, 64, 51, 65, 9, 87, 40, 89, 45, 95, 16
7, 31, 39, 31, 40, 32, 41, 32, 57, 34, 39, 34, 41, 38, 41, 54, 44, 55, 41, 64, 44, 64, 45, 64, 50, 65, 45, 65, 50, 93, 42, 95, 40, 95, 41, 95, 42, 95, 43, 95, 44, 95, 45, 95, 46, 95, 47, 95, 48, 95, 49, 95, 50, 95, 51, 95, 55, 95, 56
7, 27, 34, 27, 48, 27, 49, 27, 50, 41, 51, 62, 32, 86, 50, 89, 42, 89, 51, 95, 35
7, 27, 39, 27, 40, 27, 45, 27, 46, 27, 47, 33, 34, 43, 44, 44, 44, 45, 44, 46, 44, 64, 32, 90, 36, 95, 13
7, 27, 38, 34, 34, 43, 47, 43, 50, 45, 47, 65, 32, 66, 32, 87, 35, 89, 35, 92, 39
7, 27, 35, 27, 36, 27, 37, 92, 42
7, 32, 34, 39, 49, 67, 32, 86, 36, 95, 32
7, 27, 44, 27, 51, 87, 39, 91, 42
7, 44, 47, 87, 47, 90, 42, 91, 39
7, 48, 46, 48, 47, 48, 48, 48, 49, 49, 45, 49, 50, 53, 44, 65, 46, 65, 49
7, 50, 44, 50, 51, 53, 51, 54, 41
7, 40, 41, 46, 41, 47, 41, 49, 41
7, 62, 44, 63, 44, 65, 47, 65, 48
7, 56, 44, 57, 44, 58, 44, 59, 44, 60, 44
7, 17, 81, 17, 89, 17, 90, 17, 91, 17, 92
7, 18, 57, 19, 57, 20, 57, 37, 34, 38, 34, 56, 34, 57, 34, 58, 34, 59, 34, 60, 34
8, 28, 0, 29, 0, 30, 0, 31, 0, 32, 0, 33, 0, 34, 0, 35, 0, 36, 0, 37, 0, 38, 0, 39, 0, 40, 0, 41, 0, 42, 0, 43, 0, 44, 0, 45, 0, 46, 0, 47, 0, 48, 0, 49, 0, 50, 0, 51, 0, 52, 0, 53, 0, 54, 0, 55, 0, 56, 0, 57, 0, 58, 0, 59, 0, 60, 0, 61, 0, 62, 0, 63, 0, 64, 0, 65, 0, 66, 0, 67, 0, 68, 0, 69, 0, 70, 0, 71, 0, 72, 0, 73, 0, 74, 0, 75, 0, 76, 0, 77, 0, 78, 0, 79, 0, 80, 0, 81, 0, 82, 0, 83, 0, 84, 0, 85, 0, 86, 0, 87, 0, 88, 0, 89, 0, 93, 2, 94, 0, 95, 0, 95, 1, 95, 2, 95, 3, 95, 4, 95, 5
8, 37, 87, 37, 88, 37, 92, 37, 93, 37, 94, 37, 95, 39, 81, 41, 94, 42, 85, 42, 86, 43, 82, 57, 80, 58, 84, 59, 88, 60, 92
8, 22, 7, 23, 7, 24, 7, 25, 7, 29, 59
8, 14, 5, 18, 59, 21, 7, 26, 7
8, 0, 93, 0, 94, 0, 95, 8, 1, 12, 4
8, 9, 2, 20, 7, 24, 58, 27, 7, 28, 7, 29, 7
8, 17, 59, 65, 59, 66, 59, 67, 59, 68, 59, 69, 59, 70, 59, 71, 59, 72, 59, 73, 59, 74, 59, 75, 59, 76, 59, 77, 59, 78, 59, 79, 59, 80, 59, 81, 59, 82, 59, 83, 59, 84, 59
8, 0, 81, 0, 82, 0, 83, 0, 84, 0, 85, 0, 86, 0, 87
8, 13, 5, 22, 58, 86, 59, 87, 59, 88, 59, 89, 59, 90, 59, 91, 59, 92, 59, 93, 59, 94, 59, 95, 59
8, 8, 64, 81, 8, 82, 8, 83, 8, 84, 8, 85, 8, 86, 8, 87, 8, 88, 8, 89, 8, 90, 8, 91, 8, 92, 8, 93, 8, 94, 8, 95, 8
8, 67, 8, 68, 8, 69, 8, 70, 8, 71, 8, 72, 8, 73, 8, 74, 8, 75, 8, 76, 8, 77, 8, 78, 8, 79, 8, 80, 8
8, 9, 63, 26, 58, 27, 58, 28, 58, 29, 58, 30, 58
8, 31, 8, 32, 8, 33, 8, 34, 8, 35, 8, 36, 8, 37, 8, 38, 8, 39, 8, 40, 8, 41, 8, 42, 8, 43, 8
8, 45, 8, 46, 8, 47, 8, 48, 8, 49, 8, 50, 8, 51, 8, 52, 8, 53, 8, 54, 8, 55, 8, 56, 8, 57, 8, 58, 8, 59, 8, 60, 8, 61, 8, 62, 8, 63, 8, 64, 8
8, 26, 78, 26, 79, 26, 80, 26, 81, 26, 82, 60, 79, 60, 80
8, 27, 80, 38, 82, 38, 85, 38, 95, 39, 82, 39, 95, 40, 95, 41, 93, 42, 83, 42, 91, 42, 93, 57, 79, 58, 83, 59, 87, 60, 91, 61, 94, 62, 90, 63, 93, 85, 90
8, 54, 58, 55, 58, 56, 58, 57, 58, 58, 58, 59, 58, 60, 58, 61, 58, 62, 58, 63, 58
8, 34, 58, 35, 58, 36, 58, 37, 58, 38, 58, 39, 58, 40, 58, 41, 58, 42, 58, 43, 58, 44, 58, 45, 58, 46, 58, 47, 58, 48, 58, 49, 58, 50, 58, 51, 58, 52, 58, 53, 58
8, 1, 87, 57, 64, 65, 72, 84, 72
8, 7, 70, 8, 69, 12, 89, 13, 91, 13, 92
8, 58, 72, 59, 74, 63, 69, 64, 70
8, 57, 63, 57, 70, 66, 73, 77, 71, 77, 76, 79, 69
8, 54, 64, 55, 66, 56, 68, 58, 66, 59, 68, 60, 69, 60, 76, 81, 69, 82, 69, 83, 70
8, 31, 75, 48, 75, 49, 75, 50, 75, 51, 75, 68, 72, 68, 73, 92, 2
8, 31, 63, 58, 73, 59, 75, 63, 68, 65, 71, 67, 74, 77, 70, 78, 69, 85, 75
8, 60, 81, 60, 82, 60, 83, 62, 89
8, 7, 94, 9, 69, 10, 68, 12, 88
8, 29, 60, 32, 74, 33, 74, 34, 74, 38, 75, 68, 75, 69, 76, 87, 76, 94, 76, 95, 76
8, 10, 66, 15, 90, 60, 77, 74, 77
8, 26, 71, 28, 74, 35, 74, 44, 75, 46, 75, 53, 75, 54, 75, 74, 76, 88, 76, 93, 76
8, 39, 76, 43, 76, 54, 63, 56, 76, 59, 69, 64, 71, 66, 74, 80, 69, 84, 73
8, 56, 62, 57, 69, 58, 67, 60, 75, 78, 70
8, 29, 78, 39, 78, 43, 78, 76, 78, 86, 91
8, 27, 81, 27, 82, 28, 80, 37, 85, 37, 86, 37, 89, 37, 90, 37, 91, 38, 83, 39, 79, 39, 80, 41, 95, 42, 87, 42, 90, 43, 79, 43, 80, 43, 81, 43, 83, 57, 81, 58, 85, 58, 86, 59, 89, 59, 90, 60, 93, 60, 94, 62, 94, 63, 94, 92, 79
8, 2, 87, 16, 94, 16, 95, 17, 93, 19, 77
8, 2, 95, 3, 95, 4, 87, 4, 95, 5, 95, 6, 95, 9, 91, 10, 90, 11, 95, 12, 95, 13, 95, 14, 85, 14, 95, 15, 84, 15, 95, 16, 80, 16, 81, 16, 82, 16, 89, 16, 90, 16, 91, 16, 92, 16, 93, 17, 79, 20, 75, 21, 75, 22, 75, 23, 74, 24, 73
8, 2, 90, 3, 87, 19, 78, 75, 77
8, 11, 0, 12, 0, 13, 0, 14, 0, 15, 0, 16, 0, 17, 0, 18, 0, 19, 0, 20, 0, 21, 0, 22, 0, 23, 0, 24, 0
8, 7, 95, 9, 92, 12, 93, 15, 85, 16, 88, 23, 75, 24, 74
8, 27, 71, 28, 63, 28, 64, 30, 64, 30, 75, 31, 74, 36, 74, 39, 75, 43, 75, 47, 75, 52, 75, 54, 62, 54, 65, 55, 65, 55, 67, 55, 75, 56, 67, 56, 69, 57, 62, 57, 71, 58, 65, 59, 67, 60, 68, 60, 71, 61, 67, 63, 67, 64, 69, 66, 72, 70, 72, 71, 72, 77, 75, 89, 76, 92, 76, 95, 61, 95, 62, 95, 63, 95, 64, 95, 65, 95, 66, 95, 67, 95, 68, 95, 69, 95, 70, 95, 71, 95, 72, 95, 73, 95, 74, 95, 75
10, 51, 45, 51, 50, 52, 45, 52, 50, 56, 45, 56, 50, 57, 45, 57, 50, 58, 45, 58, 50, 59, 45, 59, 50, 60, 45, 60, 50
10, 63, 46, 63, 47, 63, 48, 63, 49
10, 50, 47, 50, 48, 53, 46, 53, 49, 54, 46, 54, 49, 62, 46, 62, 49
10, 45, 39, 46, 39, 47, 39, 48, 39, 49, 39, 52, 39
10, 25, 78, 25, 79, 25, 80, 25, 81, 25, 82, 25, 83
10, 40, 38, 42, 39, 43, 39, 44, 39, 54, 36
10, 51, 46, 51, 49, 52, 46, 52, 49, 55, 46, 55, 49, 61, 46, 61, 49
10, 42, 35, 43, 35, 44, 35, 45, 35, 46, 35, 47, 35, 48, 35, 49, 35, 50, 35, 51, 35
10, 50, 46, 50, 49, 55, 45, 55, 50
17, 18, 87, 18, 88, 18, 89, 18, 90, 18, 91
22, 24, 80, 24, 81, 24, 82, 24, 83, 24, 84, 24, 85
22, 20, 84, 20, 85, 20, 86, 20, 87, 20, 88, 20, 89, 20, 90, 20, 91, 20, 92, 21, 83, 21, 84, 21, 89, 21, 90, 22, 82, 22, 87, 22, 88, 22, 89
23, 19, 86, 19, 87, 19, 88, 19, 89, 19, 90, 19, 91, 19, 92
