40, 3, 0, 4, 0, 18, 0, 19, 1, 25, 1
42, 13, 3, 16, 10, 27, 4, 29, 4
42, 4, 16, 7, 8, 17, 8, 24, 7, 25, 2, 26, 3, 30, 8, 34, 9
42, 3, 15, 4, 14, 24, 8, 25, 25
43, 2, 1, 2, 15, 5, 6, 5, 18, 6, 21, 7, 19, 8, 19, 9, 11, 9, 12, 14, 8, 15, 11, 20, 4, 24, 19, 24, 21, 24, 24, 25, 22, 25, 23, 25, 26, 30, 5
43, 2, 8, 6, 8, 7, 20, 8, 10, 15, 7, 22, 5, 26, 2, 28, 10, 29, 5, 30, 6
43, 3, 16, 6, 18, 7, 9, 7, 10, 7, 18, 8, 11, 25, 3, 28, 3
44, 5, 5, 5, 19, 13, 7, 25, 19
44, 4, 10, 5, 17, 8, 18, 15, 8, 19, 20, 24, 25, 26, 31, 28, 22, 28, 24, 30, 11, 30, 31
44, 13, 8, 15, 12, 27, 22, 27, 31, 30, 22
44, 3, 17, 4, 17, 5, 14, 6, 10, 6, 19, 7, 3, 7, 11, 14, 12, 15, 5, 16, 9, 17, 0, 17, 9, 21, 3, 23, 2, 24, 20, 27, 20, 31, 6, 31, 7
44, 0, 1, 4, 4, 4, 9, 6, 7, 7, 15, 8, 12, 14, 7, 15, 4, 16, 13, 21, 5, 22, 6, 25, 9, 26, 18, 26, 22, 27, 19, 28, 21, 31, 8, 89, 24
44, 4, 8, 5, 7, 6, 9, 13, 16, 19, 2, 19, 3, 21, 4, 29, 7, 29, 11, 30, 7, 32, 12, 34, 13
45, 5, 20, 6, 4, 20, 16, 24, 22, 26, 24, 27, 23, 28, 25, 34, 8
45, 4, 1, 5, 21, 10, 20, 20, 20, 23, 24, 25, 31, 26, 21, 28, 23, 28, 26, 29, 21, 29, 22, 29, 25, 30, 30, 31, 19, 31, 30, 33, 10, 33, 23
45, 5, 9, 12, 4, 23, 20, 24, 27, 25, 27, 32, 19, 33, 31
45, 0, 0, 4, 18, 5, 2, 25, 20, 26, 19, 91, 22
45, 2, 2, 3, 14, 5, 1, 5, 3, 6, 1, 8, 20, 13, 2, 14, 2, 14, 6, 15, 10, 16, 11, 20, 1, 21, 22, 25, 24, 25, 29, 26, 17, 28, 20, 31, 5, 33, 7, 33, 8, 33, 13, 85, 13, 87, 16, 95, 13
45, 2, 0, 4, 5, 4, 6, 4, 13, 5, 8, 10, 12, 13, 6, 17, 7, 17, 10, 20, 5, 20, 19, 20, 23, 22, 24, 23, 19, 24, 26, 26, 20, 27, 11, 27, 21, 29, 19, 30, 19, 30, 20, 31, 13, 31, 20, 31, 23, 31, 24, 32, 20, 33, 9, 33, 21, 43, 10, 95, 11, 95, 12
45, 3, 3, 3, 11, 8, 9, 9, 10, 12, 12, 14, 11, 20, 3, 24, 9, 28, 11, 92, 23
45, 2, 3, 4, 3, 7, 2, 7, 12, 9, 8, 20, 12, 21, 6, 32, 7, 68, 40, 88, 16, 91, 11
46, 13, 21, 17, 13, 18, 19, 19, 13, 21, 21, 27, 32, 33, 30
46, 3, 13, 6, 6, 9, 19, 15, 9, 16, 12, 18, 20, 19, 12, 19, 17, 19, 18, 20, 17, 20, 18, 21, 23, 21, 25, 22, 25, 28, 31, 28, 32, 28, 33, 29, 23, 29, 30, 29, 31, 29, 33, 30, 12, 30, 32, 30, 33, 32, 21, 48, 10, 48, 11, 49, 9, 49, 10, 86, 11, 89, 23, 90, 22, 92, 26
46, 4, 12, 9, 18, 13, 5, 21, 24, 23, 23
46, 8, 2, 11, 21, 17, 14, 22, 7, 27, 26, 91, 23, 94, 12
46, 1, 1, 2, 4, 2, 18, 3, 12, 5, 16, 6, 11, 6, 14, 6, 17, 7, 0, 8, 0, 8, 15, 9, 9, 12, 13, 12, 19, 12, 20, 13, 9, 14, 5, 14, 9, 16, 15, 17, 17, 18, 17, 19, 21, 24, 18, 27, 24, 28, 19, 29, 12, 29, 20, 29, 24, 32, 22, 33, 24, 83, 13, 88, 24, 90, 13, 90, 24, 91, 13, 91, 16, 92, 12, 92, 13, 93, 23, 94, 13
46, 2, 12, 2, 13, 2, 14, 5, 10, 7, 13, 11, 11, 11, 12, 12, 5, 12, 8, 13, 1, 13, 14, 13, 19, 13, 20, 17, 16, 18, 10, 19, 19, 20, 21, 23, 17, 25, 10, 30, 23, 30, 24, 30, 25, 31, 22, 32, 23, 32, 24, 43, 21, 44, 11, 45, 11, 47, 11, 52, 9, 88, 11, 89, 16, 90, 16, 92, 24, 93, 12
46, 2, 17, 3, 4, 7, 1, 8, 3, 11, 20, 12, 6, 12, 11, 13, 10, 13, 12, 13, 17, 14, 10, 17, 15, 29, 8, 91, 26
46, 1, 2, 2, 16, 4, 19, 5, 15, 7, 14, 9, 20, 12, 7, 13, 15, 15, 13, 16, 6, 16, 16, 18, 11, 19, 4, 23, 8, 25, 21, 26, 16, 27, 18, 33, 6, 43, 15, 87, 13, 89, 25, 94, 11, 95, 16
46, 12, 9, 17, 11, 19, 10, 85, 16
46, 18, 36, 21, 41, 24, 42, 28, 39
46, 4, 7, 4, 11, 8, 1, 10, 11, 13, 11, 32, 8
46, 8, 13, 19, 38, 21, 37, 24, 37
47, 0, 5, 6, 16, 7, 17, 8, 14, 10, 21, 12, 21, 16, 14, 25, 30, 33, 29
47, 0, 2, 0, 6, 1, 13, 4, 2, 4, 21, 5, 11, 6, 15, 8, 17, 9, 3, 14, 16, 18, 14, 18, 15, 18, 16, 19, 14, 19, 16, 19, 22, 20, 13, 21, 11, 21, 20, 27, 17, 30, 21, 31, 33, 33, 22, 45, 10, 46, 10, 47, 10, 50, 10, 75, 10, 81, 11, 82, 13, 86, 12, 87, 12, 88, 23, 90, 12, 90, 23, 91, 36, 95, 23, 95, 36
47, 1, 0, 1, 14, 12, 16, 13, 22, 15, 16, 16, 17, 18, 8, 18, 18, 23, 18, 23, 22, 23, 25, 25, 16, 25, 17, 25, 28, 31, 21, 31, 32, 32, 5, 32, 31, 33, 14, 33, 25, 34, 14, 44, 10, 46, 9, 63, 10, 80, 11, 82, 12, 89, 12, 91, 24, 93, 13, 94, 23, 94, 26
47, 1, 15, 5, 13, 6, 13, 14, 13, 29, 18, 30, 18, 33, 20, 46, 11, 47, 9, 48, 9, 90, 26, 92, 22
47, 3, 5, 9, 0, 9, 1, 11, 13, 12, 10, 14, 14, 18, 12, 18, 13, 20, 6, 20, 11, 21, 12, 21, 19, 28, 12, 43, 14, 51, 9, 84, 13, 87, 11, 88, 13, 89, 13, 91, 12
47, 30, 13, 33, 26, 53, 9, 90, 11
47, 3, 19, 9, 17, 70, 10, 82, 11, 91, 25
47, 2, 19, 4, 20, 8, 7, 12, 22, 15, 17, 20, 24, 21, 42, 22, 26, 26, 10, 27, 33, 28, 17, 28, 30, 29, 26, 29, 32, 29, 39, 32, 25, 43, 9, 80, 12, 81, 13, 83, 11, 85, 11
47, 10, 8, 13, 13, 14, 21, 24, 16, 81, 12, 95, 27
48, 5, 12, 6, 12, 8, 16, 9, 2, 11, 6, 11, 10, 21, 16, 25, 18, 89, 11, 92, 25, 94, 17
48, 1, 3, 10, 9, 10, 10, 11, 19, 14, 1, 15, 15, 19, 11, 21, 14, 22, 21, 22, 22, 79, 11, 84, 16, 88, 25, 92, 16
48, 0, 16, 10, 19, 13, 0, 14, 15, 95, 17
48, 5, 22, 15, 14, 21, 26, 22, 38, 24, 29, 24, 31, 25, 33, 25, 38, 26, 33, 29, 13, 45, 25, 72, 10, 78, 11, 92, 27, 94, 27, 95, 24
48, 4, 22, 17, 21, 32, 32, 51, 10, 54, 9, 74, 11
48, 65, 88, 65, 89, 66, 89, 66, 93
48, 1, 4, 2, 5, 8, 21, 24, 10, 31, 18, 69, 10, 92, 36
48, 0, 17, 12, 17, 14, 17, 14, 18, 14, 19, 18, 21, 20, 14, 21, 17, 22, 14, 22, 17, 22, 19, 22, 20, 22, 23, 23, 26, 24, 17, 27, 9, 27, 10, 27, 30, 29, 17, 31, 25, 33, 19, 43, 11, 44, 9, 49, 11, 77, 11, 86, 16, 88, 12, 91, 27
48, 0, 14, 9, 22, 11, 9, 16, 19, 16, 20, 17, 20, 55, 9, 62, 12, 64, 10, 68, 10, 76, 10, 76, 11, 84, 11, 85, 12, 88, 17, 89, 17, 89, 26, 90, 25, 90, 27, 92, 17, 93, 17
49, 3, 6, 12, 3, 18, 39, 20, 39, 20, 43, 24, 33
49, 0, 3, 2, 7, 8, 22, 23, 15, 26, 29, 27, 27, 33, 33, 34, 25, 55, 12, 80, 10
49, 0, 4, 0, 15, 22, 15, 71, 10, 90, 36
49, 1, 17, 3, 21, 6, 22, 9, 16, 10, 13, 10, 22, 12, 18, 12, 23, 13, 18, 13, 23, 23, 27, 26, 27, 27, 16, 28, 2, 45, 9, 46, 14, 71, 11, 79, 10, 80, 13, 81, 10, 91, 17, 93, 22, 93, 24, 94, 25, 94, 36
49, 3, 24, 9, 21, 10, 18, 11, 7, 15, 3, 15, 19, 17, 18, 19, 23, 20, 25, 25, 34, 29, 29, 30, 26, 31, 34, 34, 22, 44, 24, 45, 24, 56, 12, 58, 9, 60, 10, 65, 10, 66, 10, 75, 11, 82, 10, 93, 25
49, 19, 15, 20, 15, 21, 15, 21, 18, 22, 13, 83, 12
49, 1, 16, 9, 13, 11, 8, 18, 3, 22, 16, 44, 14, 62, 10, 67, 10, 67, 12, 72, 11, 84, 12, 93, 16, 93, 26, 93, 36, 95, 26
50, 1, 6, 2, 11, 13, 26, 19, 40
50, 13, 24, 18, 26, 19, 26, 29, 3, 32, 29
50, 0, 21, 2, 22, 4, 23, 15, 26, 17, 26, 19, 24, 19, 27, 23, 31, 32, 26, 45, 26, 47, 14, 59, 10, 78, 12, 89, 22
50, 9, 23, 15, 21, 15, 27, 16, 18, 16, 21, 26, 34, 31, 26, 43, 16, 52, 12, 56, 10, 64, 11, 86, 26, 87, 23, 89, 27, 95, 32
50, 3, 20, 9, 15, 11, 18, 11, 22, 14, 22, 18, 24, 19, 5, 22, 27, 28, 27, 42, 25, 53, 10, 63, 12, 66, 12, 79, 12, 83, 16, 89, 36, 95, 28
50, 3, 23, 9, 14, 10, 7, 14, 25, 15, 20, 16, 5, 20, 26, 30, 17, 32, 14, 34, 19, 46, 25, 50, 11, 52, 10, 54, 12, 59, 12, 60, 12, 61, 9, 61, 12, 65, 12, 68, 12, 70, 11, 86, 23, 88, 22
50, 17, 1, 23, 9, 26, 11, 28, 29, 73, 10, 94, 24, 95, 25
50, 10, 17, 11, 14, 15, 18, 17, 19, 30, 29, 45, 14, 46, 26, 58, 12, 90, 17, 93, 27, 95, 18
50, 21, 7, 31, 29, 43, 24, 56, 9, 61, 10, 95, 33
51, 2, 25, 3, 26, 12, 24, 15, 22, 16, 27, 18, 27, 22, 31, 23, 33, 64, 12, 93, 32
51, 2, 26, 8, 23, 15, 24, 17, 23, 18, 41, 50, 12, 93, 10
51, 2, 20, 6, 23, 10, 14, 11, 16, 11, 17, 18, 22, 22, 11, 28, 16, 30, 4, 35, 7, 44, 25, 58, 10, 89, 32
51, 0, 20, 1, 20, 2, 21, 3, 25, 4, 24, 7, 22, 7, 23, 7, 24, 10, 23, 11, 23, 14, 0, 16, 3, 18, 25, 19, 9, 19, 25, 20, 27, 20, 28, 21, 27, 23, 13, 32, 18, 34, 15, 43, 20, 46, 15, 47, 15, 49, 15, 50, 15, 51, 11, 52, 11, 54, 10, 56, 11, 57, 10, 58, 11, 59, 9, 62, 11, 65, 11, 69, 12, 72, 12, 73, 12, 85, 23, 93, 18, 94, 32
51, 0, 18, 14, 26, 55, 10, 55, 11
51, 23, 28, 77, 10, 78, 10, 94, 22
51, 10, 16, 11, 15, 13, 25, 18, 4, 18, 7, 22, 10, 24, 28, 25, 15, 44, 21, 45, 15, 60, 11, 63, 11, 67, 11, 79, 13, 88, 26, 92, 18
51, 1, 18, 14, 24, 53, 12, 94, 18
51, 27, 34, 29, 27, 86, 41, 92, 33
51, 9, 24, 11, 4, 14, 27, 93, 33
52, 1, 21, 2, 23, 2, 24, 10, 1, 12, 25, 14, 23, 16, 23, 16, 24, 17, 24, 23, 30, 25, 11, 28, 28, 42, 11, 48, 12, 57, 11, 69, 11, 94, 14
52, 0, 19, 5, 23, 6, 24, 8, 24, 16, 4, 17, 22, 19, 7, 43, 25, 43, 28, 43, 29, 45, 12, 47, 26, 51, 12, 56, 15, 66, 11, 70, 12, 75, 13, 76, 12, 77, 13, 84, 17, 90, 32, 93, 37
52, 1, 22, 15, 2, 19, 6, 85, 26, 87, 27
52, 10, 15, 22, 8, 22, 12, 46, 12, 59, 11, 61, 11, 71, 12, 83, 10, 86, 17, 88, 27
52, 16, 0, 21, 10, 27, 12, 27, 29, 54, 11, 91, 18
52, 0, 26, 0, 27, 0, 29, 1, 25, 1, 26, 2, 28, 4, 27, 14, 29, 23, 14
52, 1, 24, 6, 25, 15, 28, 16, 25, 21, 28, 29, 28, 33, 27, 42, 29, 44, 16, 57, 9, 85, 41
52, 0, 25, 4, 25, 16, 22, 17, 27, 18, 23, 19, 28, 22, 32, 28, 34, 30, 27, 76, 13, 76, 27, 82, 16, 83, 26
53, 18, 5, 20, 7, 22, 9, 24, 11, 45, 21, 74, 12, 75, 12, 84, 10, 93, 14, 94, 10
53, 0, 31, 3, 28, 5, 27, 15, 36, 15, 46
53, 0, 13, 11, 24, 11, 25, 12, 1, 16, 28, 17, 40, 19, 29, 21, 32, 31, 38
53, 5, 25, 20, 31, 88, 32, 92, 10
53, 5, 26, 6, 26, 10, 3, 17, 28, 27, 28, 95, 31
53, 0, 24, 7, 25, 19, 35, 20, 30, 41, 31, 84, 26
53, 12, 0, 22, 28, 23, 29, 30, 34, 33, 28, 62, 9, 85, 10, 87, 10, 91, 32, 92, 32
53, 0, 22, 5, 24, 15, 23, 29, 34, 30, 28, 32, 28, 42, 30, 44, 20, 44, 26, 46, 21, 49, 12, 60, 15, 76, 26, 91, 37, 94, 28
54, 10, 2, 13, 29, 15, 43, 16, 37, 16, 39, 17, 35
54, 13, 28, 17, 38, 17, 42, 18, 35, 27, 35
54, 15, 29, 16, 44, 33, 35, 42, 44
54, 1, 28, 9, 25, 20, 33, 20, 36, 28, 38, 30, 38, 43, 30, 44, 28, 45, 20, 90, 37
54, 10, 24, 18, 29, 20, 29, 21, 31, 25, 37
54, 1, 23, 8, 25, 17, 4, 21, 36, 22, 30, 24, 35, 44, 29, 47, 21, 57, 15, 59, 15, 84, 27, 85, 36, 92, 37, 95, 10
54, 19, 8, 21, 9, 24, 13, 86, 27, 87, 22
54, 17, 5, 18, 28, 27, 15, 74, 13, 87, 36, 89, 18
54, 16, 2, 46, 16, 48, 16, 82, 26, 86, 32, 87, 32, 90, 18
55, 4, 28, 12, 28, 15, 45, 16, 40
55, 21, 29, 43, 26, 46, 29, 63, 9, 86, 40
55, 24, 14, 28, 35, 87, 40, 90, 10
55, 26, 6, 31, 14, 33, 15, 42, 26, 43, 12, 49, 14, 80, 16
55, 20, 8, 26, 12, 29, 16, 30, 14, 32, 27, 34, 24, 42, 28, 77, 26, 88, 18
55, 34, 20, 76, 25, 83, 17, 95, 14
55, 20, 9, 47, 24, 84, 23, 85, 27, 92, 21
56, 10, 25, 17, 29, 34, 6, 34, 31
56, 17, 31, 23, 36, 42, 14, 42, 43, 43, 43, 43, 44
56, 42, 20, 48, 14, 56, 16, 57, 16, 80, 26, 85, 32, 90, 21
56, 24, 12, 25, 14, 34, 18, 35, 25, 45, 29, 49, 16, 53, 15, 64, 9, 78, 26, 81, 16
56, 30, 16, 31, 17, 48, 21, 54, 15, 58, 15, 66, 15, 67, 15, 77, 27, 83, 23, 85, 22, 87, 25, 91, 21
56, 15, 1, 46, 20, 52, 15, 78, 16, 81, 26, 86, 22, 86, 36
56, 6, 27, 11, 27, 14, 43, 15, 42, 16, 38
57, 11, 26, 19, 31, 19, 32, 21, 30, 42, 27, 48, 20, 83, 27
57, 7, 26, 22, 36, 25, 12, 35, 22, 36, 7, 43, 19, 47, 20, 48, 24, 59, 44, 66, 9, 75, 26, 81, 17, 84, 36, 88, 37
57, 15, 0, 43, 27, 54, 16, 58, 31, 59, 16, 82, 23, 82, 25, 87, 18, 88, 10
57, 48, 22, 77, 16, 92, 28, 93, 21
57, 8, 27, 14, 41, 14, 45, 16, 41
57, 8, 26, 16, 42, 21, 33, 27, 36, 44, 30
57, 9, 26, 16, 29, 16, 30, 16, 31, 17, 32, 48, 8
58, 28, 15, 45, 19, 50, 14, 80, 22, 81, 23, 81, 27
58, 16, 1, 19, 30, 34, 28, 45, 27, 49, 24, 55, 16, 58, 16, 60, 16, 67, 9, 68, 15, 78, 27, 91, 28
58, 0, 37, 0, 38, 1, 40, 12, 44
58, 18, 31, 19, 34, 26, 35, 87, 37
58, 29, 10, 33, 17, 44, 17, 44, 27, 89, 31, 92, 14
58, 18, 30, 29, 14, 46, 27, 58, 44, 68, 13, 95, 29
59, 11, 43, 14, 40, 15, 40, 84, 42
59, 10, 27, 19, 33, 32, 35, 89, 21
59, 23, 34, 28, 36, 31, 4, 33, 12, 56, 24, 74, 16, 88, 31, 90, 31, 91, 10
59, 20, 34, 26, 37, 31, 35, 43, 17, 83, 36
59, 37, 8, 44, 19, 47, 29, 78, 23, 79, 26, 80, 24, 82, 22, 82, 24
59, 22, 34, 23, 5, 25, 7, 27, 14, 32, 15, 50, 24, 51, 14, 65, 15, 66, 25, 71, 13, 75, 16, 79, 22, 79, 23, 80, 17, 81, 24, 81, 25, 84, 22, 90, 28, 93, 28, 94, 31
59, 0, 35, 6, 28, 13, 45, 14, 37
60, 18, 32, 21, 35, 22, 1, 34, 21, 37, 25, 43, 18, 46, 19, 59, 43, 73, 16, 85, 40, 91, 38, 94, 19
60, 18, 34, 21, 2, 25, 36, 40, 11, 44, 31, 50, 21
60, 31, 16, 36, 8, 52, 21, 53, 16, 69, 15, 76, 16, 77, 24, 86, 18, 95, 19
60, 25, 13, 29, 15, 34, 16, 34, 17, 47, 17, 47, 27, 47, 30, 60, 44, 66, 22, 78, 17, 78, 24, 78, 25, 79, 17, 87, 31, 88, 21, 89, 28, 91, 31
60, 45, 17, 46, 30, 49, 25, 92, 31
61, 22, 35, 23, 35, 24, 6, 26, 36, 27, 37, 35, 19, 42, 24, 49, 20, 50, 16, 50, 23, 70, 15, 77, 22, 80, 41, 93, 31
61, 28, 37, 29, 36, 34, 23, 36, 25, 41, 25, 45, 30, 56, 44, 60, 43, 69, 13, 70, 13, 83, 25, 86, 31, 88, 28, 95, 21
61, 32, 17, 33, 16, 44, 34, 45, 28, 46, 28, 56, 25, 58, 30, 61, 16, 64, 15, 71, 15, 76, 24, 79, 24, 80, 25, 80, 32, 82, 27, 83, 41, 91, 14
61, 49, 26, 50, 25, 51, 24, 52, 24, 56, 23, 78, 22, 80, 27, 83, 32, 84, 18, 91, 19, 94, 21, 95, 30
61, 54, 21, 63, 15, 65, 22, 74, 26, 77, 23, 79, 25
62, 21, 34, 45, 18, 50, 22, 51, 23, 54, 20, 55, 25, 59, 30, 68, 16, 74, 15, 74, 32, 75, 25, 75, 32, 81, 36
62, 50, 26, 51, 16, 51, 22, 52, 23, 52, 25, 87, 28
62, 32, 36, 42, 41, 45, 8, 81, 42
62, 2, 38, 11, 45, 12, 46, 13, 47, 49, 92
62, 20, 0, 30, 9, 44, 18, 55, 22, 69, 16, 72, 15, 77, 17, 82, 42, 84, 25, 85, 31, 86, 37, 90, 38
62, 41, 28, 57, 44, 70, 16, 79, 27, 85, 25
63, 26, 13, 55, 21, 74, 25, 80, 31, 85, 18
63, 41, 42, 44, 44, 72, 43, 73, 9, 74, 45
63, 41, 34, 42, 19, 42, 34, 82, 41
63, 16, 33, 27, 7, 47, 8, 55, 44, 56, 41, 60, 30, 67, 16, 70, 9, 87, 39, 89, 39
63, 30, 35, 30, 37, 31, 36, 32, 37, 39, 11, 53, 24, 61, 44, 74, 31, 79, 15, 90, 19
63, 31, 15, 47, 19, 52, 22, 72, 16, 73, 15, 75, 24, 77, 15, 87, 21
63, 25, 35, 36, 22, 46, 8, 47, 28, 52, 14, 52, 16, 54, 17, 54, 22, 58, 17, 65, 26, 66, 16, 71, 16, 89, 38
63, 53, 20, 56, 17, 67, 25, 78, 31, 85, 37
64, 74, 24, 75, 15, 76, 17, 89, 14
64, 70, 45, 77, 42, 80, 44, 94, 20
64, 29, 37, 32, 16, 58, 21, 74, 17, 76, 42
64, 48, 30, 56, 21, 66, 26, 75, 22, 77, 31, 84, 37, 92, 20
65, 43, 45, 71, 44, 75, 9, 81, 43
65, 44, 8, 49, 8, 55, 43, 83, 40, 88, 39, 92, 94
65, 34, 30, 38, 8, 39, 25, 73, 43, 76, 43, 77, 43, 78, 42, 86, 39
65, 56, 20, 61, 43, 75, 45, 81, 31
65, 53, 23, 57, 41, 67, 22, 73, 17, 73, 26, 75, 17, 75, 23, 81, 21, 83, 18, 91, 20
65, 46, 18, 48, 19, 55, 17, 55, 26, 57, 21, 59, 17, 60, 25, 62, 22, 64, 26, 79, 32, 79, 35, 79, 36, 83, 31, 83, 37, 86, 28, 93, 20
65, 42, 17, 57, 24, 62, 16, 64, 22, 76, 23, 82, 32
66, 39, 31, 73, 45, 77, 41, 78, 35, 78, 43
66, 30, 36, 42, 35, 42, 40, 54, 24, 55, 42, 61, 22, 65, 13, 66, 13, 76, 44, 77, 44, 95, 20
66, 37, 7, 46, 31, 53, 25, 56, 14, 73, 44, 74, 44, 75, 43, 75, 44
66, 57, 25, 59, 21, 59, 42, 70, 26, 72, 27, 74, 23, 78, 41, 79, 21, 80, 21, 88, 14, 89, 19
66, 47, 18, 48, 27, 50, 20, 59, 25, 60, 22, 60, 23, 61, 24, 69, 26, 73, 32, 74, 22, 74, 27, 76, 15, 78, 32, 85, 21
66, 69, 45, 71, 46, 72, 46, 80, 43
67, 54, 23, 54, 44, 56, 26, 57, 20, 60, 17, 60, 26, 64, 16, 73, 25, 76, 41, 82, 31
67, 47, 31, 57, 23, 64, 21, 71, 22, 72, 25, 73, 31, 75, 21, 80, 35, 84, 21, 85, 28, 86, 14, 86, 15, 90, 20
67, 61, 23, 63, 16, 73, 24, 82, 21, 88, 19
67, 36, 11, 41, 40, 63, 44, 78, 45
67, 43, 41, 57, 30, 71, 42, 72, 44, 78, 21, 89, 20
67, 31, 11, 48, 29, 62, 44, 64, 43, 72, 17, 78, 44, 87, 38
67, 56, 43, 68, 24, 84, 28, 89, 29, 89, 30
68, 57, 22, 58, 22, 60, 21, 63, 21, 70, 17, 73, 23, 76, 21, 84, 15
68, 36, 28, 40, 28, 55, 41, 58, 41, 70, 22, 93, 15
68, 54, 34, 80, 40, 81, 15, 86, 25
68, 37, 28, 39, 28, 54, 25, 61, 17, 61, 30, 62, 21, 63, 13, 63, 26, 69, 25, 72, 32, 75, 42, 77, 21
68, 35, 28, 53, 14, 59, 23, 59, 26, 61, 21, 61, 25, 68, 25, 80, 18, 82, 18, 90, 14, 92, 30, 94, 30
69, 30, 3, 54, 43, 73, 46, 92, 95
69, 38, 11, 43, 47, 74, 46, 76, 9
69, 42, 47, 42, 49, 55, 34, 58, 8
69, 36, 31, 40, 25, 42, 8, 55, 14, 57, 43, 63, 43, 68, 23, 84, 39
69, 52, 26, 58, 42, 71, 17, 71, 27, 75, 35, 76, 28
69, 48, 31, 54, 26, 56, 40, 59, 20, 68, 22, 69, 17, 74, 21, 78, 15, 81, 37, 81, 40, 82, 37, 86, 38, 91, 30
69, 58, 20, 59, 24, 61, 31, 71, 23
69, 51, 20, 70, 27, 81, 18, 90, 29, 91, 29
70, 47, 34, 60, 41, 69, 44, 71, 41, 71, 43, 83, 15
70, 41, 14, 43, 35, 47, 89, 56, 35, 70, 42, 73, 42, 80, 37, 83, 28
70, 43, 40, 50, 27, 53, 41, 64, 13, 67, 13, 75, 46, 88, 30
70, 32, 10, 35, 10, 53, 17, 56, 30, 58, 23, 58, 24, 58, 26, 61, 26, 65, 44, 88, 20, 93, 30
70, 49, 30, 54, 41, 54, 42, 56, 29, 62, 26, 70, 23, 72, 31, 79, 18, 87, 30, 88, 29, 93, 29
71, 47, 91, 53, 34, 53, 44, 56, 34, 66, 44, 71, 32, 86, 30, 87, 29
71, 34, 27, 42, 39, 44, 35, 51, 27, 69, 22, 69, 24, 71, 31, 78, 40, 84, 38
71, 49, 19, 54, 8, 54, 19, 56, 18, 62, 17, 76, 30, 78, 36, 80, 15
72, 48, 34, 49, 31, 55, 18, 56, 19, 82, 28, 86, 19
72, 49, 17, 53, 8, 54, 18, 54, 35, 62, 31, 65, 17, 69, 23, 69, 42, 70, 21, 70, 41, 78, 18, 87, 20
72, 53, 19, 57, 29, 67, 27, 70, 31, 74, 30
72, 42, 21, 53, 42, 53, 43, 57, 18, 69, 21, 70, 24, 76, 35, 77, 28, 84, 30, 86, 29
72, 42, 36, 48, 28, 55, 40, 67, 44, 75, 36, 79, 37
73, 47, 41, 47, 92, 48, 49, 54, 40, 57, 8
73, 28, 1, 34, 3, 34, 36, 47, 47, 50, 19
73, 37, 31, 39, 22, 41, 8, 47, 95, 49, 29, 52, 34, 59, 27, 60, 20, 63, 42, 64, 17, 68, 41, 74, 41
73, 47, 35, 53, 30, 53, 35, 82, 15, 85, 30
73, 46, 22, 54, 30, 55, 19, 55, 27, 69, 41, 83, 30
73, 50, 31, 55, 35, 58, 14, 62, 25, 63, 17, 64, 31, 73, 30, 75, 28
74, 37, 91, 38, 91, 40, 42, 40, 50, 42, 95, 62, 51
74, 40, 8, 40, 14, 44, 40, 44, 95, 56, 39, 72, 30, 77, 18, 77, 40, 84, 19, 87, 24
74, 53, 31, 69, 31, 76, 36, 83, 38, 86, 9, 86, 20
74, 50, 30, 54, 27, 58, 18, 62, 30, 64, 27, 65, 27, 76, 29, 85, 19
74, 57, 19, 58, 29, 60, 29, 61, 29, 63, 31, 64, 20, 66, 17, 67, 20
75, 34, 34, 41, 95, 55, 8, 61, 13
75, 47, 43, 61, 32, 64, 51, 65, 50
75, 47, 93, 51, 34, 62, 42, 85, 29
75, 42, 37, 44, 45, 47, 94, 48, 35, 49, 28, 52, 41, 53, 29, 59, 14, 66, 45, 68, 42, 84, 20
75, 49, 18, 50, 29, 51, 30, 52, 27, 52, 30, 58, 19, 71, 30, 78, 30, 79, 30
75, 23, 3, 35, 14, 37, 19, 49, 46, 60, 27, 61, 27, 63, 20, 63, 27, 64, 30, 75, 18
75, 40, 22, 45, 22, 50, 18, 52, 31, 52, 44, 57, 36, 59, 29, 72, 28, 78, 28, 85, 20
76, 52, 17, 54, 29, 56, 27, 78, 20
76, 51, 19, 53, 40, 81, 29, 83, 39
76, 67, 30, 69, 46, 77, 36, 82, 20
76, 35, 16, 57, 27, 59, 18, 72, 18, 75, 40, 76, 18, 79, 20, 83, 14
76, 50, 17, 50, 34, 62, 20, 75, 29, 81, 20, 82, 30, 88, 15
76, 53, 27, 59, 19, 73, 28, 84, 29
76, 62, 32, 64, 50, 65, 7, 67, 50
76, 39, 95, 56, 8, 63, 51, 72, 47
77, 42, 38, 61, 20, 63, 30, 66, 41, 75, 37, 83, 19
77, 43, 36, 52, 18, 65, 30, 67, 24, 73, 20, 74, 18, 77, 14, 77, 30, 83, 20
77, 34, 26, 71, 20, 72, 20, 76, 20
77, 39, 92, 48, 44, 52, 43, 56, 28, 57, 28, 67, 41, 72, 29, 74, 28
77, 51, 29, 52, 29, 53, 28, 69, 32
78, 39, 94, 40, 95, 48, 94, 48, 95
78, 39, 91, 39, 93, 65, 49, 66, 46, 72, 48
78, 34, 11, 38, 14, 41, 39, 51, 44, 65, 41, 66, 42, 68, 31
78, 41, 22, 41, 37, 43, 95, 44, 87, 52, 42, 54, 28, 57, 37, 71, 47, 73, 29, 75, 20
78, 44, 93, 56, 45, 61, 28, 62, 24, 71, 28, 71, 29, 82, 29
78, 43, 39, 51, 17, 51, 18, 52, 19, 52, 28, 67, 45, 70, 29, 71, 18, 80, 19
78, 50, 28, 68, 20, 79, 19, 81, 19
79, 37, 89, 43, 91, 54, 50, 70, 49
79, 46, 48, 66, 49, 76, 7, 82, 8
79, 38, 34, 38, 94, 40, 90, 42, 90, 48, 40, 61, 41, 62, 28, 67, 46, 68, 46
79, 28, 9, 44, 94, 61, 18, 64, 24
79, 59, 28, 60, 28, 66, 31, 67, 23, 74, 29, 80, 20
79, 47, 36, 48, 41, 52, 35, 70, 28, 76, 37, 80, 38, 81, 39, 82, 19
80, 21, 0, 39, 90, 42, 89, 49, 44, 49, 45, 55, 36, 61, 14, 68, 14, 81, 38, 82, 39
80, 37, 94, 42, 91, 45, 6, 67, 49, 89, 15
80, 38, 19, 38, 93, 40, 93, 41, 94, 43, 22, 48, 43, 68, 28, 82, 14
80, 34, 12, 43, 23, 49, 13, 61, 19, 62, 29, 67, 31, 68, 30, 69, 28, 74, 20
80, 44, 39, 54, 36, 67, 28, 79, 38, 85, 14
80, 49, 6, 75, 8, 78, 7, 88, 9
81, 43, 37, 44, 23, 47, 23, 48, 36, 63, 18, 64, 18, 66, 28, 78, 39, 82, 38
81, 49, 35, 56, 38, 60, 14, 68, 18, 79, 39
81, 60, 19, 67, 18, 67, 29, 73, 19, 77, 20
81, 37, 14, 37, 93, 37, 95, 41, 90, 43, 93, 46, 47, 51, 41, 56, 13, 66, 47
82, 40, 49, 41, 88, 43, 90, 70, 47
82, 40, 89, 42, 22, 42, 94, 50, 50, 65, 47, 67, 42, 68, 32
82, 41, 91, 54, 39, 64, 29, 64, 41, 67, 19, 69, 20, 79, 14
82, 56, 37, 65, 18, 66, 18, 71, 19, 74, 19, 75, 38, 77, 39, 78, 38
83, 38, 90, 43, 94, 44, 46, 49, 43, 60, 13, 63, 41, 65, 43, 75, 39
83, 42, 16, 53, 39, 63, 14, 66, 19, 68, 29, 69, 29
83, 44, 88, 51, 40, 63, 29, 76, 39, 81, 9
83, 62, 23, 64, 19, 64, 49, 65, 29, 75, 19
84, 38, 85, 42, 88, 43, 89, 66, 32
84, 38, 86, 39, 89, 40, 88, 41, 87
84, 49, 40, 64, 34, 76, 38, 77, 38, 85, 15
85, 41, 92, 42, 23, 42, 92, 43, 88, 48, 39, 50, 40, 67, 32, 67, 48, 69, 47
85, 51, 35, 62, 13, 64, 23, 65, 24
86, 31, 3, 38, 87, 39, 86, 41, 85, 43, 84
87, 39, 19, 50, 42, 52, 38, 55, 37, 69, 19
88, 39, 85, 43, 83, 45, 49, 48, 86, 54, 49
89, 34, 29, 51, 37, 52, 13, 53, 38
90, 43, 13, 46, 23, 46, 41, 48, 38, 57, 13
91, 38, 84, 40, 83, 44, 82, 50, 6, 68, 8
93, 42, 7, 44, 81, 61, 47, 61, 48
99, 1, 81, 14, 92, 27, 42, 86, 55
100, 1, 82, 4, 89, 14, 95, 89, 52, 92, 56
101, 1, 84, 11, 95, 15, 91, 15, 94, 87, 56, 93, 57, 95, 57
102, 3, 86, 4, 82, 14, 58, 19, 69, 20, 46, 87, 57, 93, 52, 94, 52, 95, 55
102, 1, 93, 14, 86, 86, 57, 87, 55, 88, 55
103, 0, 79, 1, 79, 2, 84, 2, 85, 3, 84, 89, 51, 90, 52
103, 0, 87, 4, 83, 4, 91, 5, 88, 10, 91, 13, 49, 15, 92, 16, 66, 85, 56, 90, 57, 93, 56, 94, 57
103, 1, 87, 2, 92, 3, 92, 14, 88, 85, 57, 89, 56, 89, 57, 92, 52
103, 0, 78, 1, 78, 3, 85, 11, 90, 88, 56
104, 14, 84, 15, 87, 16, 85, 16, 86, 88, 57
104, 0, 80, 4, 81, 4, 84, 11, 87, 18, 56, 88, 52, 94, 56
105, 22, 2, 34, 32, 39, 20, 48, 13, 76, 14
105, 5, 90, 10, 89, 10, 90, 15, 85
105, 5, 89, 15, 86, 31, 41, 90, 41, 91, 46
105, 0, 81, 0, 82, 0, 83, 91, 52, 94, 51
106, 17, 92, 22, 60, 25, 61, 32, 43
106, 13, 95, 15, 83, 16, 82, 95, 51
106, 3, 91, 17, 54, 17, 84, 17, 85, 23, 63
107, 5, 81, 5, 91, 15, 95, 21, 65, 26, 43, 89, 46, 95, 46
107, 4, 79, 5, 82, 17, 86, 18, 68, 20, 66, 32, 42, 84, 56, 87, 52, 91, 42, 92, 45, 92, 51
107, 20, 68, 21, 61, 23, 46, 27, 44, 29, 42, 30, 42, 84, 55, 92, 42
107, 5, 79, 5, 83, 17, 56, 89, 42, 90, 42, 90, 46, 92, 47
108, 4, 58, 5, 85, 20, 67, 29, 58, 30, 58, 31, 54, 89, 45
108, 21, 66, 29, 44, 30, 44, 88, 51, 91, 51, 93, 43, 95, 43
108, 22, 46, 28, 42, 30, 43, 91, 47, 92, 44, 93, 47, 95, 45
109, 4, 59, 21, 60, 22, 59, 23, 58, 27, 60, 32, 57
109, 2, 42, 13, 60, 28, 43, 28, 44, 31, 42, 93, 44, 94, 46
109, 3, 69, 7, 40, 12, 61, 20, 62, 22, 63, 24, 44, 26, 45, 94, 42
109, 4, 68, 16, 65, 18, 69, 19, 47, 21, 46, 23, 45, 24, 45, 24, 57, 25, 45, 26, 44, 27, 45, 29, 43, 31, 43, 93, 45
109, 19, 68, 27, 43, 30, 53, 95, 44
109, 32, 95, 36, 0, 60, 0, 91, 3
110, 22, 58, 23, 57, 24, 46, 28, 55
110, 4, 57, 4, 70, 14, 67, 17, 55, 26, 50, 83, 57
110, 2, 59, 4, 67, 18, 62, 21, 59, 25, 44, 29, 45, 29, 55, 30, 54, 90, 45, 94, 43
110, 18, 64, 21, 47, 24, 56, 25, 62, 28, 56, 31, 44, 94, 45
110, 9, 91, 14, 51, 20, 61, 95, 42
110, 9, 90, 13, 61, 92, 41, 94, 47
111, 3, 59, 6, 87, 9, 89, 11, 64, 12, 59, 12, 60, 13, 57, 20, 60, 28, 45, 30, 45, 33, 40, 83, 56, 91, 43
111, 7, 68, 18, 63, 19, 63, 83, 55
111, 13, 59, 14, 69, 17, 50, 93, 41
112, 20, 47, 25, 50, 27, 46, 27, 55, 30, 55, 31, 53, 82, 57
112, 2, 69, 11, 50, 14, 68, 29, 54, 78, 78, 88, 54
112, 10, 79, 19, 62, 20, 65, 22, 65, 31, 45, 32, 41, 88, 45, 94, 41
112, 13, 58, 17, 63, 19, 61, 21, 58, 87, 51
113, 4, 78, 17, 64, 22, 47, 24, 50, 78, 57, 81, 56
113, 2, 60, 25, 46, 25, 56, 26, 55, 28, 46, 29, 46, 82, 56
113, 23, 64, 26, 57, 26, 61, 28, 54, 32, 54
114, 2, 56, 19, 55, 20, 53, 26, 56, 27, 56, 80, 57, 85, 52
114, 3, 60, 4, 65, 11, 62, 18, 54, 18, 55, 19, 60
114, 0, 56, 19, 54, 20, 54, 25, 51, 89, 50
115, 4, 60, 10, 80, 19, 72, 23, 62
115, 0, 57, 7, 70, 19, 56, 21, 54
115, 1, 62, 6, 90, 12, 70, 18, 48, 20, 52, 21, 53, 23, 47, 24, 52, 30, 52, 84, 44, 86, 45, 95, 41, 95, 53
115, 27, 54, 78, 56, 79, 57, 87, 45
116, 4, 64, 11, 59, 18, 61, 24, 47, 24, 59
116, 3, 67, 11, 61, 27, 49, 79, 55, 91, 53
116, 0, 55, 1, 63, 5, 78, 6, 91, 7, 66, 13, 62, 20, 59, 21, 52, 25, 57, 29, 53, 81, 55, 90, 50
117, 1, 52, 12, 57, 13, 51, 22, 53, 25, 49, 41, 52
117, 11, 60, 17, 94, 20, 58, 24, 49, 41, 53, 46, 56, 85, 45, 87, 58
117, 7, 83, 22, 52, 23, 52, 33, 41, 88, 53, 92, 50
117, 1, 64, 10, 63, 10, 65, 13, 88, 17, 62, 23, 50, 28, 47, 87, 46
117, 7, 64, 8, 79, 12, 69, 21, 68
118, 0, 77, 1, 61, 2, 61, 6, 84, 17, 66, 20, 48, 23, 49, 27, 48
118, 6, 80, 7, 65, 27, 47, 53, 53
118, 1, 53, 12, 64, 22, 51, 23, 56, 33, 43, 50, 56, 51, 56, 77, 57, 80, 55
119, 20, 57, 31, 58, 48, 56, 75, 56
119, 0, 51, 2, 62, 2, 64, 13, 63, 32, 45
119, 10, 62, 25, 52, 33, 45, 75, 57, 76, 56
119, 0, 64, 13, 67, 22, 48, 24, 48, 77, 56
119, 2, 63, 2, 66, 2, 67, 28, 48, 28, 49, 90, 54, 93, 48
119, 3, 61, 12, 75, 19, 66, 25, 47, 31, 46, 84, 52
120, 21, 51, 26, 48, 34, 42, 51, 55, 82, 52
120, 9, 65, 11, 58, 18, 49, 18, 60, 20, 51, 29, 47, 52, 56, 78, 54
120, 22, 56, 23, 48, 25, 48, 25, 53, 26, 54
120, 6, 79, 8, 66, 21, 48, 28, 50, 83, 52, 86, 46
120, 1, 68, 4, 61, 7, 63, 8, 68, 82, 45
121, 17, 60, 21, 55, 29, 52, 49, 56, 79, 54, 85, 51
121, 0, 58, 19, 57, 74, 56, 77, 55
121, 8, 67, 8, 81, 10, 61, 29, 49, 90, 53
121, 8, 90, 10, 66, 11, 67, 80, 46, 92, 48
122, 22, 50, 50, 55, 53, 55, 76, 54
122, 0, 53, 7, 57, 10, 60, 19, 49, 20, 50, 20, 56, 22, 54, 26, 53, 27, 53, 83, 51
122, 1, 65, 1, 66, 3, 63, 7, 61, 7, 86, 13, 66, 89, 54
122, 4, 63, 9, 64, 11, 68, 15, 75, 19, 51, 23, 53
123, 18, 59, 19, 50, 32, 51, 84, 45
123, 7, 58, 17, 59, 21, 56, 24, 61, 27, 51, 30, 47, 76, 55, 80, 52, 84, 51
123, 21, 67, 24, 53, 32, 46, 47, 55, 78, 51, 79, 52
123, 7, 91, 12, 68, 16, 62, 22, 49, 85, 44
123, 0, 66, 4, 71, 8, 65, 11, 69, 12, 77, 16, 60, 18, 58, 30, 49, 79, 51
123, 6, 78, 8, 80, 9, 78, 10, 67, 10, 70, 94, 49
124, 3, 62, 7, 62, 9, 69, 86, 47, 87, 47
124, 7, 60, 10, 59, 11, 57, 11, 70, 26, 52, 29, 50, 32, 49, 73, 56, 81, 54
125, 8, 89, 20, 71, 89, 43, 91, 54
125, 12, 76, 19, 58, 22, 55, 33, 56, 42, 53, 55, 56, 57, 56, 86, 50
125, 7, 59, 7, 88, 9, 67, 12, 65, 21, 50, 72, 50, 84, 46
125, 8, 64, 9, 68, 9, 79, 23, 60, 89, 48, 95, 40
126, 1, 55, 32, 58, 43, 54, 44, 55
126, 56, 54, 72, 56, 73, 54, 87, 54
126, 10, 58, 18, 51, 30, 50, 30, 51, 32, 50, 36, 42, 50, 54, 54, 56, 56, 55, 57, 55, 73, 51, 74, 54, 77, 51, 80, 54, 81, 46, 83, 45, 88, 43
126, 1, 70, 8, 70, 12, 95, 87, 43, 92, 49
126, 9, 63, 9, 70, 12, 67, 28, 52, 89, 49
127, 8, 58, 8, 59, 8, 60, 54, 53, 57, 54
127, 27, 52, 30, 57, 80, 50, 87, 49
128, 4, 72, 8, 62, 37, 48, 66, 57, 73, 55
128, 9, 59, 49, 54, 58, 55, 59, 55, 77, 50, 79, 50
128, 8, 61, 9, 61, 9, 62, 76, 51, 81, 50, 82, 46, 83, 46, 84, 54, 90, 48
128, 7, 43, 12, 71, 30, 48, 82, 54, 85, 50, 86, 48
128, 50, 1, 65, 4, 78, 5, 94, 5
129, 31, 49, 32, 48, 58, 54, 60, 56
130, 4, 73, 36, 39, 84, 47, 86, 54
135, 33, 50, 35, 48, 37, 54, 83, 49
136, 15, 70, 29, 56, 38, 54, 63, 54, 67, 55, 68, 55
153, 76, 84, 80, 92, 81, 92, 93, 82, 95, 84
157, 55, 78, 55, 88, 73, 79, 90, 81
164, 5, 62, 5, 63, 31, 60, 44, 57
168, 36, 9, 36, 32, 37, 15, 41, 12
182, 22, 78, 23, 83, 24, 95, 34, 81, 88, 68
183, 34, 63, 36, 61, 73, 67, 80, 68
187, 22, 87, 85, 67, 86, 64, 87, 65
189, 29, 71, 38, 74, 42, 63, 61, 75, 79, 72
189, 26, 86, 27, 71, 30, 76, 77, 69, 89, 63
190, 35, 67, 59, 76, 89, 64, 94, 63
190, 22, 89, 24, 82, 28, 83, 33, 81, 63, 75
191, 25, 88, 66, 69, 67, 75, 91, 68
195, 20, 93, 27, 83, 35, 76, 71, 70, 77, 62, 92, 65
195, 21, 93, 23, 84, 46, 71, 55, 67
197, 26, 83, 34, 77, 85, 71, 88, 66, 91, 71
198, 36, 73, 39, 73, 49, 67, 50, 71, 65, 72, 94, 64
198, 40, 73, 59, 65, 73, 71, 76, 71, 82, 73
198, 55, 73, 70, 64, 79, 65, 89, 65, 92, 64
200, 35, 70, 65, 66, 72, 62, 92, 71
200, 25, 77, 29, 78, 36, 72, 39, 63, 39, 65, 57, 66
201, 23, 81, 24, 77, 34, 72, 35, 63, 37, 61, 42, 70, 71, 62
202, 24, 89, 36, 69, 39, 74, 70, 69
202, 34, 69, 48, 64, 57, 68, 84, 72
202, 25, 80, 32, 77, 47, 63, 85, 62
203, 23, 95, 46, 66, 58, 67, 60, 61
203, 23, 73, 31, 64, 49, 72, 82, 61
203, 23, 77, 29, 64, 33, 77, 46, 61
204, 38, 64, 43, 72, 52, 73, 64, 63, 70, 70
204, 23, 80, 54, 70, 54, 73, 61, 62, 69, 64, 76, 69
204, 41, 65, 43, 64, 49, 69, 59, 66
205, 30, 75, 38, 72, 63, 61, 79, 69
205, 22, 81, 25, 73, 30, 64, 54, 67, 70, 71, 76, 70, 79, 70, 92, 66
207, 22, 77, 36, 74, 61, 64, 82, 65, 83, 67, 92, 69
208, 28, 70, 43, 65, 56, 69, 60, 62
209, 24, 83, 44, 69, 50, 68, 54, 60, 82, 62
209, 29, 67, 32, 65, 33, 65, 37, 74, 43, 66, 49, 74, 57, 65, 86, 67
211, 29, 70, 39, 62, 46, 62, 50, 64, 62, 64, 64, 65, 70, 63
212, 34, 66, 36, 67, 42, 72, 48, 70, 81, 63, 86, 62
212, 28, 77, 40, 72, 45, 64, 48, 66, 49, 73, 85, 63
215, 31, 72, 33, 73, 38, 65, 45, 66, 47, 64, 61, 65, 68, 64, 89, 62
215, 30, 71, 44, 63, 86, 66, 89, 67
217, 54, 64, 68, 62, 79, 62, 92, 68
217, 27, 76, 40, 68, 52, 66, 84, 63, 90, 62, 93, 71
218, 27, 70, 27, 73, 29, 74, 56, 70, 72, 61, 93, 70
220, 42, 68, 43, 62, 44, 65, 48, 69, 50, 70
221, 26, 70, 45, 69, 53, 67, 66, 65
223, 24, 70, 50, 67, 51, 69, 60, 64, 61, 61, 70, 61, 73, 62
224, 48, 68, 54, 69, 65, 63, 82, 64
225, 52, 64, 54, 62, 65, 62, 78, 61, 79, 63
