40, 18, 0, 24, 2, 27, 2, 28, 7
41, 25, 2, 26, 3, 26, 5, 27, 3, 27, 6, 31, 9
42, 16, 7, 23, 1, 23, 6, 27, 5, 34, 9
42, 3, 8, 3, 9, 7, 8, 15, 5, 26, 2, 26, 4, 29, 4, 32, 9
42, 6, 20, 7, 19, 7, 20, 8, 10, 26, 25, 29, 5
43, 4, 16, 6, 19, 7, 18, 17, 0, 25, 23, 32, 12, 34, 13
43, 2, 1, 13, 3, 14, 3, 15, 6, 19, 2
43, 3, 1, 3, 10, 24, 7, 30, 8
43, 5, 18, 6, 21, 16, 10, 28, 5
43, 2, 0, 3, 18, 4, 4, 4, 14, 5, 4, 6, 8, 7, 10, 8, 8, 15, 11, 17, 8, 22, 5, 25, 9, 26, 0, 26, 26, 28, 6, 29, 11, 31, 6
44, 4, 6, 5, 20, 20, 4, 20, 22
44, 2, 8, 3, 2, 4, 19, 9, 11, 16, 11, 23, 2, 24, 23, 25, 20, 25, 24, 25, 26, 26, 23, 26, 31, 27, 20, 28, 21, 95, 11
44, 2, 2, 2, 15, 3, 17, 4, 5, 4, 7, 4, 9, 5, 14, 5, 15, 5, 19, 6, 9, 8, 9, 8, 11, 9, 8, 9, 10, 15, 10, 16, 8, 17, 9, 21, 6, 22, 6, 24, 8, 24, 20, 25, 22, 29, 7, 30, 6, 30, 7, 30, 11, 31, 7, 32, 8
44, 5, 3, 5, 6, 5, 8, 7, 12, 8, 12, 13, 4, 14, 10, 15, 4, 15, 12, 15, 13, 16, 6, 20, 12, 25, 25, 26, 24, 28, 11, 29, 25
44, 5, 7, 7, 11, 14, 6, 14, 11, 18, 2, 19, 3
45, 16, 13, 19, 20, 24, 22, 25, 29, 26, 30, 27, 19, 27, 26, 28, 20, 88, 13
45, 3, 7, 4, 1, 5, 17, 17, 17, 24, 25, 24, 26, 25, 31, 26, 21, 27, 31, 28, 23, 28, 24, 28, 31, 29, 21, 30, 30, 30, 31, 31, 20, 31, 23, 33, 24, 33, 31
45, 26, 16, 26, 17, 29, 20, 51, 9
45, 3, 3, 3, 11, 3, 16, 28, 25, 94, 11
45, 3, 14, 4, 3, 4, 17, 5, 21, 6, 1, 6, 10, 6, 14, 6, 17, 8, 19, 8, 20, 9, 9, 9, 12, 13, 11, 14, 8, 16, 9, 21, 5, 24, 19, 25, 21, 26, 19, 27, 21, 27, 22, 29, 8, 31, 8, 31, 12, 92, 23, 95, 13
45, 3, 15, 5, 2, 5, 9, 7, 14, 8, 0, 9, 19, 10, 11, 12, 6, 13, 1, 13, 10, 22, 7, 23, 8, 26, 20, 29, 19, 30, 19, 32, 20, 43, 10, 89, 13, 89, 24
45, 4, 18, 6, 3, 6, 18, 14, 7, 14, 12, 21, 4, 70, 40, 93, 12, 94, 12
45, 0, 1, 1, 1, 2, 14, 4, 13, 6, 4, 7, 2, 7, 3, 13, 7, 13, 12, 13, 13, 20, 1, 24, 9, 31, 5, 32, 7, 90, 13
46, 2, 18, 6, 0, 7, 0, 17, 13, 21, 21, 22, 24, 24, 18, 25, 18, 27, 24, 28, 26, 31, 21, 31, 30, 31, 33, 34, 7, 47, 10, 90, 24, 95, 12
46, 1, 15, 2, 13, 3, 13, 11, 21, 18, 14, 19, 18, 21, 23, 21, 24, 22, 21, 22, 25, 24, 27, 26, 32, 27, 17, 29, 22, 29, 30, 29, 31, 30, 18, 30, 22, 30, 24, 31, 13, 31, 24, 32, 24, 32, 31, 83, 13, 89, 25
46, 23, 24, 27, 32, 30, 33, 53, 9, 81, 12, 89, 12
46, 2, 17, 6, 15, 7, 15, 15, 8, 16, 14, 17, 16, 27, 23, 28, 19, 33, 7, 48, 9, 92, 12, 94, 13
46, 0, 2, 1, 2, 5, 5, 5, 13, 5, 16, 6, 11, 6, 16, 11, 12, 12, 4, 12, 19, 13, 8, 13, 9, 13, 15, 13, 16, 13, 20, 16, 12, 16, 16, 17, 15, 18, 17, 19, 19, 20, 19, 20, 20, 20, 23, 25, 30, 27, 11, 27, 18, 28, 12, 28, 18, 29, 12, 29, 18, 31, 19, 32, 23, 33, 6, 33, 8, 33, 9, 33, 20, 33, 21, 33, 23, 50, 9, 86, 13, 91, 12
46, 2, 12, 2, 16, 4, 12, 5, 1, 8, 21, 9, 0, 12, 11, 12, 12, 12, 13, 13, 19, 15, 9, 18, 13, 19, 12, 19, 13, 20, 18, 25, 27, 29, 24, 30, 20, 32, 19, 33, 10, 34, 8, 46, 11, 49, 10, 84, 13, 86, 11, 87, 11, 87, 16, 88, 11, 92, 24, 93, 13, 95, 16, 95, 23
46, 3, 19, 19, 10, 21, 13, 75, 10, 85, 16
46, 4, 10, 4, 11, 6, 2, 7, 1, 8, 2, 8, 18, 26, 9, 32, 6, 91, 11, 91, 13, 91, 23, 93, 11
46, 1, 0, 5, 10, 7, 13, 8, 1, 8, 3, 10, 19, 13, 2, 14, 9, 17, 7, 20, 11, 30, 12, 33, 13, 45, 11, 85, 13, 87, 13, 91, 26, 92, 13, 92, 26
46, 18, 10, 21, 12, 32, 13, 90, 11
46, 19, 38, 21, 37, 27, 39, 29, 39
46, 21, 42, 25, 39, 26, 40, 27, 40, 28, 39
47, 3, 5, 7, 16, 9, 2, 10, 20, 11, 10, 13, 17, 18, 16, 19, 21, 20, 17, 32, 22, 90, 12
47, 0, 6, 10, 8, 11, 20, 12, 20, 13, 14, 14, 16, 17, 12, 19, 4, 19, 22, 20, 16, 21, 20, 23, 20, 23, 21, 29, 23, 30, 21, 30, 23, 31, 22, 31, 25, 33, 22, 33, 26, 33, 30, 44, 11, 45, 10, 46, 10, 47, 11, 48, 10, 70, 10, 71, 10, 81, 11, 86, 12, 88, 12, 88, 25, 89, 11, 89, 23, 90, 23, 91, 24, 92, 25, 92, 36
47, 4, 21, 5, 12, 7, 17, 8, 17, 9, 20, 12, 9, 13, 21, 14, 15, 15, 14, 15, 16, 18, 8, 18, 15, 18, 18, 18, 19, 19, 16, 21, 19, 22, 26, 32, 25, 34, 14, 44, 10, 46, 9, 50, 10, 69, 10, 72, 10, 74, 10, 78, 11, 82, 12, 82, 13, 85, 11, 88, 23, 90, 25, 90, 36
47, 3, 12, 6, 13, 8, 13, 8, 15, 12, 7, 12, 10, 17, 11, 25, 10
47, 1, 3, 6, 12, 9, 1, 10, 9, 11, 11, 13, 5, 19, 11, 20, 5, 20, 13, 21, 11, 23, 18, 23, 19, 30, 13, 32, 21, 43, 14, 47, 9, 87, 12, 88, 16, 90, 26, 93, 23
47, 22, 37, 26, 39, 28, 33, 29, 32, 90, 22
47, 18, 37, 19, 36, 24, 37, 25, 38
47, 12, 21, 14, 20, 18, 20, 21, 14, 21, 25, 22, 20, 23, 16, 23, 27, 24, 31, 25, 28, 28, 30, 30, 32, 31, 32, 32, 30, 80, 11, 84, 11, 84, 12, 88, 24, 94, 27
47, 14, 21, 20, 24, 23, 25, 25, 17, 33, 14, 89, 17
48, 1, 4, 1, 5, 5, 11, 10, 21, 27, 9
48, 2, 5, 9, 3, 9, 18, 13, 0, 21, 17, 22, 23, 48, 11, 91, 16, 93, 16, 95, 36
48, 0, 15, 1, 14, 10, 10, 11, 9, 12, 15, 12, 16, 14, 1, 14, 17, 15, 17, 19, 14, 21, 16, 23, 9, 33, 29, 43, 21, 63, 10, 73, 10, 76, 11, 83, 11, 83, 12, 85, 12, 86, 16, 90, 16, 95, 17, 95, 27
48, 32, 5, 80, 12, 92, 27, 93, 25
48, 2, 10, 19, 42, 19, 44, 26, 41
48, 12, 8, 18, 12, 69, 40, 95, 24
48, 0, 3, 13, 23, 16, 19, 19, 39, 21, 39, 22, 38, 24, 33, 25, 33, 27, 10, 34, 22, 43, 11, 45, 9, 51, 10
48, 6, 22, 20, 25, 24, 16, 26, 33, 32, 32, 93, 27
48, 8, 14, 8, 16, 14, 19, 15, 15, 82, 11, 93, 36
48, 2, 19, 4, 20, 4, 22, 9, 16, 9, 21, 12, 22, 19, 15, 22, 14, 22, 22, 23, 23, 23, 26, 27, 33, 29, 26, 30, 25, 33, 19, 33, 25, 49, 11, 79, 11, 81, 10, 81, 13, 91, 36, 92, 16, 93, 24, 93, 26, 94, 36
48, 9, 22, 11, 8, 12, 14, 13, 18, 16, 17, 20, 15, 21, 18, 24, 10, 43, 9, 44, 9, 45, 24, 45, 25, 64, 10, 68, 10, 75, 11, 76, 10, 77, 11, 88, 17, 89, 16, 95, 25
49, 2, 7, 20, 42, 26, 34, 33, 33, 91, 33
49, 11, 22, 17, 20, 18, 38, 26, 29
49, 5, 22, 13, 24, 22, 19, 27, 27, 30, 29, 32, 33, 34, 25, 58, 12, 66, 12, 79, 10, 80, 13
49, 17, 18, 22, 27, 23, 15, 25, 34, 28, 29, 46, 24, 54, 12, 87, 26
49, 64, 89, 65, 89, 66, 89, 66, 90, 67, 90
49, 1, 13, 12, 17, 14, 18, 24, 32, 27, 30
49, 1, 16, 9, 13, 10, 18, 16, 20, 20, 14, 22, 16, 66, 10, 67, 12, 93, 22
49, 1, 17, 3, 21, 10, 7, 14, 22, 18, 3, 19, 23, 24, 17, 25, 15, 29, 13, 47, 14, 57, 12, 62, 10, 73, 11, 87, 17, 89, 26, 89, 36, 90, 17, 95, 33
49, 0, 16, 11, 19, 14, 14, 18, 11, 19, 17, 21, 15, 22, 18, 23, 22, 26, 11, 31, 18, 93, 17, 94, 17, 94, 24
49, 3, 20, 11, 7, 12, 18, 20, 6, 22, 13, 22, 15, 22, 17, 29, 17, 62, 12, 63, 12, 67, 10, 82, 10, 92, 17, 94, 25, 95, 26
50, 19, 40, 20, 27, 20, 32, 59, 12, 68, 12
50, 3, 23, 9, 23, 10, 23, 11, 18, 13, 25, 14, 25, 15, 26, 19, 27, 24, 28, 26, 38, 28, 27, 29, 29, 30, 4, 32, 29, 44, 24, 46, 25, 46, 26, 55, 12, 59, 9, 60, 9, 86, 26, 88, 27, 89, 27
50, 2, 22, 6, 23, 7, 23, 7, 24, 18, 23, 22, 31, 24, 36, 51, 11, 58, 11, 66, 11, 86, 41, 88, 26, 93, 18
50, 9, 14, 10, 17, 18, 21, 30, 26
50, 1, 18, 7, 22, 8, 22, 9, 15, 10, 22, 12, 23, 17, 19, 17, 21, 18, 22, 18, 25, 24, 34, 29, 3, 31, 34, 47, 12, 50, 11, 56, 12, 58, 9, 60, 10, 61, 9, 61, 12, 65, 11, 71, 11, 79, 12, 84, 16, 86, 10
50, 0, 20, 2, 20, 2, 21, 3, 22, 3, 24, 11, 14, 18, 24, 23, 13, 31, 26, 32, 14, 34, 15, 34, 19, 35, 8, 49, 15, 60, 12, 78, 13, 79, 13, 89, 32, 92, 18, 95, 28
50, 15, 18, 15, 19, 27, 16, 80, 10
50, 0, 14, 15, 20, 16, 5, 17, 25, 31, 29, 72, 11, 94, 22
50, 20, 10, 21, 7, 53, 12, 65, 10, 91, 17, 95, 18
50, 0, 4, 0, 17, 22, 4, 44, 14
51, 0, 30, 2, 23, 2, 27, 4, 23, 17, 24, 18, 27
51, 0, 26, 2, 26, 3, 26, 15, 27, 16, 21, 16, 27, 17, 26, 20, 28, 21, 32, 22, 32, 56, 10, 69, 12
51, 0, 21, 4, 25, 14, 26, 15, 21, 15, 22, 16, 24, 21, 27, 22, 12, 23, 14, 27, 29, 32, 34, 33, 34, 45, 26, 93, 32, 93, 37
51, 11, 17, 16, 18, 18, 26, 19, 24, 19, 25, 19, 26, 20, 26, 22, 11, 23, 31, 30, 17, 33, 18, 42, 25, 45, 14, 48, 12, 53, 10, 53, 11, 58, 10, 59, 10, 65, 12, 69, 11, 70, 11, 78, 10, 78, 12, 88, 36, 90, 32, 93, 10
51, 0, 27, 1, 19, 1, 20, 2, 24, 4, 24, 10, 15, 11, 23, 12, 24, 14, 24, 15, 24, 18, 4, 23, 11, 23, 28, 43, 16, 44, 15, 45, 15, 48, 15, 50, 12, 50, 15, 51, 12, 52, 11, 52, 12, 54, 11, 56, 11, 57, 9, 57, 11, 59, 11, 60, 11, 61, 11, 62, 11, 72, 12, 77, 10, 83, 16, 88, 22, 94, 32, 95, 22
51, 0, 18, 0, 19, 10, 1, 14, 23, 32, 18, 94, 33
51, 10, 16, 17, 1, 26, 8, 61, 10, 64, 11, 83, 10, 94, 18
51, 10, 14, 11, 16, 14, 0, 17, 6, 18, 7, 23, 10, 32, 26, 35, 7, 52, 10, 54, 10, 63, 11, 64, 12, 86, 17, 94, 14, 95, 32
52, 8, 24, 17, 2, 23, 32, 28, 13, 30, 27, 47, 15, 84, 10
52, 0, 22, 0, 25, 1, 21, 15, 23, 22, 33, 42, 11, 44, 16, 44, 25, 55, 11, 70, 12, 71, 12, 74, 12, 76, 12, 77, 13, 82, 16, 84, 26, 85, 10, 85, 17, 85, 23, 86, 23
52, 11, 15, 16, 3, 28, 28, 29, 27, 46, 12, 46, 15, 57, 10, 67, 11, 76, 13
52, 15, 2, 16, 4, 73, 12, 85, 26, 91, 18
52, 0, 28, 1, 28, 5, 24, 5, 25, 17, 22, 19, 35, 20, 36, 24, 35, 28, 34
52, 23, 30, 27, 34, 42, 30, 87, 10
52, 1, 25, 1, 26, 1, 27, 2, 25, 3, 25, 4, 26, 8, 23, 17, 23, 27, 28, 29, 28, 42, 29
52, 6, 24, 9, 24, 12, 26, 13, 26, 14, 27, 16, 22, 19, 28, 20, 31, 33, 27, 43, 28, 47, 26, 75, 13, 87, 27
53, 18, 5, 20, 7, 22, 9, 23, 12, 25, 11, 45, 16, 62, 9, 84, 17
53, 16, 0, 16, 25, 19, 7, 19, 8, 76, 26, 76, 27
53, 3, 28, 8, 25, 9, 25, 13, 28, 14, 28, 30, 34
53, 4, 27, 10, 24, 12, 27, 14, 29, 15, 29, 17, 28, 17, 39, 17, 41, 17, 42, 18, 28, 31, 38
53, 2, 28, 5, 23, 6, 25, 16, 35, 25, 5, 89, 10
53, 7, 25, 12, 25, 13, 27, 21, 36, 22, 28, 26, 6, 31, 27, 33, 28, 34, 20, 45, 21, 87, 36
53, 1, 24, 21, 28, 32, 28, 41, 31, 47, 24, 89, 18
53, 12, 0, 16, 23, 23, 33, 43, 20, 75, 12, 83, 26, 91, 32
53, 18, 6, 24, 11, 27, 15, 30, 28, 43, 12, 43, 25, 44, 20, 56, 15, 65, 9, 90, 37, 92, 32
53, 1, 23, 17, 5, 31, 28, 46, 21, 95, 10
54, 4, 28, 10, 0, 15, 46, 16, 44
54, 0, 13, 12, 28, 16, 37, 17, 35, 42, 44, 94, 37
54, 22, 30, 27, 1, 27, 35, 28, 38, 30, 38, 44, 26, 86, 32
54, 21, 9, 32, 27, 42, 28, 89, 37
54, 23, 29, 29, 16, 45, 20, 60, 15
54, 0, 23, 11, 24, 19, 29, 20, 29, 21, 31, 31, 14, 42, 14, 48, 16, 57, 15, 73, 13, 84, 23, 84, 27, 90, 10
54, 24, 13, 44, 29, 85, 22, 85, 27
54, 16, 2, 49, 12, 74, 13, 86, 27
55, 11, 27, 20, 33, 30, 16, 48, 20, 48, 21, 64, 9, 86, 36, 86, 40
55, 28, 35, 47, 16, 78, 16, 85, 36, 87, 40
55, 20, 9, 46, 16, 82, 26, 87, 22, 92, 21
55, 17, 4, 31, 17, 56, 16, 58, 15, 59, 15, 76, 25, 81, 16
56, 10, 25, 29, 10, 46, 29, 63, 9, 75, 26
56, 21, 29, 21, 33, 43, 30, 45, 29, 59, 16, 66, 9, 79, 16, 88, 37
56, 30, 14, 34, 18, 35, 25, 42, 26, 43, 26, 46, 20, 48, 14, 52, 15, 53, 15, 55, 15, 67, 15, 72, 13, 80, 16, 80, 26, 81, 26, 83, 23, 88, 18
56, 13, 42, 14, 44, 15, 43, 15, 44, 42, 43, 43, 43
57, 22, 29, 45, 19, 47, 20, 49, 16, 62, 15, 89, 14
57, 19, 32, 45, 27, 46, 27, 48, 25, 51, 14, 60, 16, 68, 15, 78, 27, 87, 18, 87, 37, 89, 31, 92, 28
57, 15, 1, 43, 27, 49, 21, 54, 15, 57, 16, 66, 15, 68, 9, 82, 17
57, 15, 0, 36, 7, 48, 22, 48, 24, 77, 16, 81, 17
57, 8, 26, 16, 41, 17, 29, 17, 32, 18, 30, 19, 34, 22, 36, 23, 36, 35, 22, 48, 8, 50, 14
58, 21, 30, 44, 27, 49, 24, 77, 26, 78, 26, 79, 26, 80, 23, 82, 22, 82, 23, 83, 22, 85, 25
58, 43, 19, 49, 22, 58, 16, 81, 23, 93, 21
58, 0, 35, 0, 38, 12, 42, 13, 44, 15, 31
58, 7, 26, 9, 26, 10, 26, 16, 30, 25, 7, 36, 8, 37, 8, 42, 27, 59, 44, 80, 22, 84, 22, 88, 31, 91, 14, 95, 29
58, 19, 30, 20, 34, 22, 1, 84, 25, 91, 28, 93, 28
58, 0, 37, 11, 29, 13, 41, 63, 87
59, 27, 13, 65, 15, 74, 16, 81, 24
59, 16, 1, 25, 12, 47, 17, 82, 25
59, 23, 5, 26, 35, 34, 24, 42, 20, 55, 16, 68, 13, 84, 15, 87, 31, 90, 31, 91, 10
59, 21, 35, 22, 34, 25, 36, 28, 36, 31, 4, 89, 21, 90, 14, 92, 19
59, 72, 87, 84, 83, 87, 84, 87, 86
59, 24, 4, 33, 17, 44, 17, 44, 30, 80, 24, 81, 22
59, 24, 6, 28, 14, 29, 14, 29, 15, 34, 21, 48, 26, 64, 15, 75, 16, 76, 16, 77, 25, 78, 25, 79, 22, 80, 17, 81, 25, 90, 28
60, 27, 7, 36, 25, 44, 31, 69, 9, 92, 38, 93, 31
60, 18, 32, 18, 34, 43, 17, 78, 24, 83, 41
60, 17, 30, 23, 34, 31, 37, 47, 30, 60, 44, 84, 14, 87, 14
60, 29, 35, 31, 35, 40, 11, 83, 25, 84, 40, 86, 37, 88, 21, 95, 21
60, 34, 17, 34, 23, 54, 16, 69, 15, 79, 25
60, 32, 15, 45, 17, 46, 19, 46, 28, 46, 30, 47, 29, 53, 21, 54, 21, 63, 15, 71, 15, 74, 15, 82, 27, 83, 36, 89, 28, 91, 31, 95, 19
60, 0, 39, 0, 40, 13, 45, 14, 39, 49, 91
60, 27, 14, 31, 16, 77, 24, 79, 17
61, 20, 0, 26, 36, 28, 37, 35, 19, 40, 31, 42, 24, 55, 21, 56, 24, 77, 23, 86, 14
61, 41, 11, 50, 16, 50, 26, 57, 44, 69, 13, 71, 9, 93, 15
61, 30, 9, 34, 16, 49, 26, 53, 16, 61, 16, 65, 22, 73, 15, 73, 16, 80, 27, 80, 32, 94, 19, 95, 30
61, 43, 18, 45, 28, 49, 20, 53, 22, 60, 43, 66, 13, 70, 15, 78, 22, 83, 32, 84, 18, 86, 18, 86, 31, 88, 28
61, 33, 16, 51, 24, 52, 21, 74, 26, 76, 24, 78, 17, 78, 23
61, 29, 36, 37, 25, 42, 42, 56, 44
62, 30, 15, 66, 25, 68, 16, 75, 27, 77, 15, 77, 22, 81, 32, 90, 38
62, 45, 18, 45, 30, 51, 23, 52, 14, 57, 17, 71, 16, 75, 15, 79, 27, 87, 21, 93, 19
62, 23, 35, 54, 20, 54, 22, 85, 37
62, 22, 35, 36, 22, 47, 8, 52, 23, 70, 16, 80, 31, 88, 14, 89, 38
62, 21, 34, 37, 22, 56, 14, 81, 42, 87, 28
63, 16, 33, 44, 44, 45, 31, 71, 45
63, 69, 16, 80, 41, 82, 41, 84, 31
63, 38, 25, 39, 11, 42, 19, 55, 25, 56, 25, 70, 9, 81, 41
63, 31, 36, 32, 36, 38, 22, 42, 41, 61, 44, 76, 15, 81, 36, 84, 37, 86, 15, 87, 39
63, 44, 34, 67, 16, 74, 25, 75, 24, 83, 15
63, 30, 37, 52, 16, 55, 22, 59, 30, 65, 13, 75, 17, 75, 32, 77, 17, 79, 15, 89, 39, 92, 20
64, 1, 31, 47, 50, 48, 91, 91, 94
64, 44, 43, 58, 43, 77, 43, 80, 44, 90, 39
64, 70, 45, 72, 44, 73, 44, 74, 44, 91, 93
64, 38, 28, 75, 23, 79, 41, 79, 42
64, 29, 37, 63, 22, 83, 18, 83, 31
64, 35, 13, 41, 28, 55, 20, 55, 44, 56, 22, 77, 31, 90, 19
64, 42, 34, 44, 18, 48, 19, 60, 31, 72, 26, 74, 31, 74, 32, 78, 31
64, 35, 11, 48, 30, 56, 17, 58, 30, 64, 22, 67, 22, 67, 25, 73, 26, 74, 24, 76, 17, 86, 28
64, 47, 28, 55, 23, 55, 24, 56, 23, 76, 22, 76, 23, 81, 21
64, 32, 16, 58, 17, 66, 16, 76, 32
65, 41, 34, 56, 41, 71, 26, 72, 43, 78, 42, 79, 43, 81, 43
65, 50, 20, 60, 30, 72, 45, 74, 45, 76, 42, 76, 43, 78, 41
65, 34, 30, 54, 23, 60, 25, 75, 44, 79, 35
65, 31, 11, 53, 23, 53, 24, 62, 16, 75, 22, 79, 32, 80, 21, 86, 39
65, 42, 17, 47, 18, 51, 26, 53, 20, 57, 21, 58, 21, 59, 17, 62, 22, 65, 21, 66, 21, 78, 15, 80, 36, 86, 21, 88, 38, 88, 39, 91, 20
65, 38, 8, 64, 25, 65, 16, 74, 17, 79, 31, 93, 20
66, 57, 41, 60, 42, 64, 26, 73, 45, 77, 41
66, 39, 31, 43, 41, 55, 17, 57, 30, 59, 42, 61, 43, 73, 43, 75, 43, 75, 45, 79, 44, 95, 20
66, 76, 44, 80, 15, 80, 35, 87, 38
66, 57, 24, 59, 21, 63, 16, 70, 26, 74, 23, 83, 40, 94, 20
66, 49, 8, 54, 17, 54, 24, 54, 25, 55, 14, 55, 26, 58, 22, 59, 22, 60, 24, 67, 26, 73, 24, 73, 32, 79, 21, 82, 21, 82, 31, 83, 37, 85, 28
66, 59, 25, 73, 17, 73, 25, 81, 31
66, 48, 27, 56, 20, 74, 22, 74, 27, 78, 32, 85, 21
66, 41, 40, 49, 51, 51, 51, 68, 92, 68, 93
66, 58, 34, 71, 44, 77, 45, 83, 14
67, 57, 20, 60, 22, 60, 23, 71, 42, 72, 27, 78, 35
67, 53, 25, 54, 44, 56, 43, 61, 24, 63, 21, 64, 21, 67, 21, 74, 43, 79, 36, 84, 21, 88, 19, 89, 19, 89, 20
67, 57, 22, 57, 25, 60, 26, 69, 26, 72, 17, 73, 23, 73, 31, 78, 21
67, 0, 42, 49, 50, 71, 46, 72, 46, 78, 45
67, 39, 25, 42, 35, 56, 42, 57, 42, 80, 43
67, 60, 17, 67, 13, 72, 42, 76, 41, 81, 15
67, 48, 29, 62, 44, 68, 25, 87, 24
68, 59, 26, 70, 22, 73, 27, 90, 20
68, 52, 20, 54, 26, 68, 26, 75, 21
68, 36, 11, 36, 28, 37, 28, 44, 22, 44, 42, 56, 40, 57, 43, 63, 13
68, 35, 28, 68, 24, 70, 44, 72, 32, 90, 29
68, 39, 8, 58, 42, 61, 25, 62, 21, 72, 24, 83, 21, 84, 28, 94, 30
68, 32, 10, 56, 26, 61, 30, 70, 17, 71, 22, 76, 21, 81, 18, 82, 15, 82, 18, 89, 30, 90, 30
69, 0, 43, 30, 3, 50, 8, 74, 46
69, 57, 35, 58, 41, 63, 44, 81, 37, 84, 39
69, 58, 24, 61, 17, 63, 26, 64, 43, 71, 27, 87, 30, 88, 15
69, 47, 22, 48, 31, 49, 19, 52, 26, 53, 17, 56, 30, 58, 20, 62, 43, 68, 23, 69, 17, 75, 35, 81, 28, 87, 19, 89, 29, 91, 30
69, 61, 31, 69, 25, 70, 25, 77, 21
70, 43, 40, 43, 47, 56, 34, 75, 46
70, 35, 10, 38, 11, 54, 41, 61, 42, 63, 43, 64, 13, 64, 44, 65, 44, 72, 41, 73, 42
70, 41, 14, 49, 30, 53, 44, 70, 21
70, 49, 27, 63, 25, 69, 44, 71, 23, 71, 24, 72, 23, 76, 28
70, 42, 8, 46, 22, 47, 34, 53, 14, 53, 26, 58, 26, 68, 21, 69, 22, 71, 41, 75, 30, 80, 28, 85, 39, 87, 15, 88, 29, 88, 30
70, 34, 27, 71, 21, 72, 22, 73, 21, 79, 18, 80, 37
70, 62, 26, 70, 23, 70, 27, 93, 29, 93, 30
71, 42, 36, 47, 91, 49, 31, 61, 13, 62, 25, 64, 42, 66, 44, 68, 44, 70, 42, 78, 36, 85, 14
71, 43, 35, 54, 35, 56, 35, 84, 38, 87, 20
71, 49, 34, 54, 8, 54, 42, 57, 26, 65, 14
71, 48, 18, 48, 28, 53, 34, 54, 19, 57, 40, 62, 17, 67, 17, 70, 24, 74, 30, 74, 42, 76, 35, 78, 40, 79, 40, 80, 30, 81, 40, 86, 30
71, 50, 27, 53, 8, 54, 14, 69, 23, 71, 31, 85, 38, 87, 29
71, 35, 31, 41, 46, 43, 46, 70, 46
72, 49, 17, 52, 34, 54, 18, 55, 18, 56, 18, 56, 19, 57, 18, 65, 17, 66, 17, 69, 21, 69, 27, 71, 32, 78, 18, 82, 24, 82, 28
72, 27, 0, 35, 14, 38, 31, 40, 22, 50, 31, 55, 35, 56, 29, 57, 8, 57, 29, 60, 20, 63, 42, 74, 41, 86, 29
72, 40, 34, 44, 35, 53, 42, 53, 43, 70, 41
73, 34, 36, 37, 19, 44, 45, 47, 40, 48, 49, 68, 45
73, 59, 13, 63, 17, 64, 31, 73, 41
73, 39, 34, 44, 23, 49, 29, 50, 30, 53, 35, 55, 27, 55, 40, 58, 14, 62, 42, 68, 41, 69, 42, 85, 30, 92, 15
73, 54, 40, 55, 19, 59, 29, 63, 31, 83, 30
73, 51, 27, 51, 31, 53, 19, 53, 30, 58, 18, 65, 20, 68, 27, 69, 41, 75, 28, 75, 36, 79, 37, 86, 19
74, 38, 91, 42, 21, 42, 95, 56, 13
74, 37, 31, 49, 46, 60, 29, 61, 29, 65, 42
74, 40, 14, 44, 40, 47, 35, 48, 35, 50, 19, 51, 30, 53, 18, 69, 31, 75, 18, 83, 38
74, 47, 41, 47, 92, 50, 18, 56, 27, 58, 27, 61, 27, 66, 45, 70, 30, 76, 40, 78, 28, 81, 20
74, 37, 11, 62, 30, 64, 20, 77, 40, 89, 15
74, 57, 36, 58, 29, 65, 27, 84, 19
75, 39, 95, 47, 43, 75, 40, 83, 39
75, 28, 8, 41, 8, 41, 22, 47, 23, 47, 93, 52, 27, 66, 41, 69, 46
75, 58, 19, 59, 19, 64, 30, 70, 32, 71, 30, 78, 30, 79, 30, 83, 20
75, 47, 94, 49, 28, 52, 44, 59, 14, 60, 27, 62, 20, 63, 20, 67, 20
75, 49, 18, 51, 34, 53, 31, 61, 20, 62, 27, 66, 20, 76, 29, 77, 18, 84, 20, 85, 19, 85, 20, 86, 20
76, 43, 23, 52, 41, 65, 31, 66, 42, 68, 42
76, 42, 37, 43, 22, 50, 17, 50, 29, 54, 29, 55, 29, 65, 41, 77, 14, 79, 28, 82, 20
76, 40, 94, 41, 95, 51, 29, 52, 18, 73, 28, 84, 29
76, 34, 11, 35, 16, 52, 17, 52, 31, 53, 29, 53, 40, 62, 24, 63, 30, 76, 18, 77, 30, 85, 15
76, 40, 8, 57, 27, 61, 14, 72, 28, 78, 20, 79, 20, 82, 30, 83, 19, 85, 24
76, 34, 12, 41, 41, 47, 48, 63, 50, 67, 45
77, 42, 38, 44, 93, 51, 18, 68, 31, 74, 40, 75, 29
77, 52, 19, 68, 20, 71, 20, 72, 29, 73, 18, 75, 37
77, 60, 14, 65, 30, 74, 18, 74, 28, 75, 20, 76, 20, 81, 29, 83, 29
77, 37, 90, 38, 34, 68, 46, 77, 9
77, 40, 95, 56, 8, 61, 41, 66, 50, 73, 47
77, 34, 26, 43, 39, 52, 29, 52, 43, 71, 28
77, 48, 44, 52, 28, 53, 28, 57, 14, 57, 28, 59, 28, 72, 20
78, 48, 94, 48, 95, 54, 50, 67, 46, 71, 47, 72, 47
78, 39, 90, 39, 91, 44, 87, 48, 40, 74, 47, 76, 7
78, 39, 94, 44, 94, 60, 28, 66, 30, 82, 29
78, 39, 93, 40, 90, 41, 39, 51, 17, 56, 36, 66, 46, 70, 29
78, 47, 45, 47, 46, 52, 42, 70, 28
78, 43, 36, 50, 28, 58, 28, 70, 20, 71, 29
78, 55, 28, 56, 28, 57, 38, 67, 30, 79, 14, 80, 20
79, 38, 94, 38, 95, 41, 37, 43, 13, 44, 36, 48, 46, 80, 39
79, 45, 6, 54, 36, 55, 36, 77, 37, 80, 38, 82, 9
79, 60, 13, 60, 18, 61, 18, 67, 31, 69, 30, 69, 32, 78, 19, 94, 15
79, 48, 41, 54, 28, 55, 39, 60, 19, 68, 14, 70, 14, 76, 37, 79, 19, 80, 19, 81, 39
80, 40, 91, 40, 93, 48, 43, 49, 44, 54, 39, 64, 41
80, 37, 14, 37, 94, 46, 13, 46, 23, 65, 43, 68, 28, 72, 48, 74, 29, 78, 39
80, 45, 23, 48, 45, 67, 49, 82, 8
80, 38, 14, 38, 19, 42, 22, 62, 23, 68, 30, 69, 28, 77, 20, 82, 39, 91, 15
80, 47, 36, 52, 35, 62, 28, 64, 24, 67, 28, 78, 14, 79, 38, 81, 38
80, 37, 95, 43, 91, 43, 92, 67, 42
81, 43, 37, 65, 19, 67, 18, 67, 29, 68, 18, 69, 18, 78, 29, 79, 39
81, 44, 39, 49, 35, 51, 41, 64, 18, 66, 23
81, 42, 16, 61, 19, 70, 18, 72, 19
81, 37, 93, 41, 90, 43, 93, 48, 36, 62, 13, 68, 32
82, 38, 90, 43, 90, 47, 87, 50, 50, 65, 48
82, 42, 94, 44, 86, 56, 37, 65, 47
82, 43, 94, 44, 37, 46, 47, 47, 39, 49, 43, 63, 41, 66, 47, 75, 39, 80, 14, 95, 15
82, 42, 23, 50, 13, 56, 38, 62, 19, 65, 28, 65, 29, 66, 18, 66, 28, 68, 29, 77, 19, 84, 24
82, 65, 24, 75, 38, 77, 29, 77, 39, 78, 38
83, 44, 88, 44, 90, 44, 91, 45, 13, 47, 13, 50, 40, 51, 43, 63, 24, 66, 14, 67, 32, 69, 43, 70, 47, 86, 24
83, 49, 41, 50, 41, 63, 14, 81, 9
83, 53, 39, 63, 29, 66, 29, 69, 29, 71, 19, 76, 39
84, 37, 34, 40, 87, 43, 38, 47, 37, 69, 47
84, 51, 40, 52, 13, 64, 14, 70, 19, 76, 38
85, 30, 10, 41, 92, 55, 13, 75, 14
85, 41, 86, 42, 92, 43, 88, 68, 43
85, 48, 39, 50, 35, 50, 43, 57, 13
86, 51, 35, 69, 19, 72, 14, 74, 14
86, 39, 87, 41, 93, 42, 93, 44, 38
86, 38, 87, 39, 86, 40, 85, 41, 85, 44, 85
87, 30, 2, 39, 85, 41, 84, 77, 8
88, 36, 14, 49, 36, 52, 38, 64, 23
90, 22, 3, 41, 17, 53, 38, 83, 24
91, 49, 38, 50, 36, 51, 36, 62, 48
99, 27, 42, 89, 52, 90, 56, 91, 56
100, 11, 95, 15, 94, 86, 56, 91, 57
101, 1, 83, 1, 84, 3, 86, 4, 90, 15, 91, 15, 93, 95, 55
102, 86, 57, 87, 56, 87, 57, 90, 52, 92, 46, 93, 56
102, 2, 86, 2, 92, 14, 87, 94, 57
103, 0, 84, 2, 84, 2, 85, 3, 92, 4, 91, 5, 88, 10, 91, 94, 56
103, 3, 84, 4, 81, 85, 56, 89, 51
103, 1, 78, 4, 84, 11, 89, 14, 88
103, 0, 87, 1, 79, 1, 86, 15, 92, 88, 55, 89, 56, 92, 52, 93, 52, 94, 52
104, 5, 89, 11, 90, 16, 85, 85, 55, 91, 52
104, 16, 66, 85, 57, 88, 56, 88, 57, 89, 57, 95, 52
104, 0, 78, 0, 79, 1, 87, 3, 85, 4, 83, 14, 84, 15, 87, 16, 86
105, 0, 83, 3, 91, 5, 79, 10, 89, 10, 90, 11, 88, 15, 95
105, 16, 93, 88, 42, 91, 46, 94, 51, 94, 58
106, 5, 80, 5, 81, 15, 83, 16, 82, 17, 84, 84, 57, 93, 51
106, 17, 85, 17, 92, 90, 51, 92, 47
106, 5, 84, 13, 95, 17, 54, 90, 42, 91, 42
107, 4, 69, 20, 66, 21, 65, 22, 45, 24, 62, 26, 43, 92, 42
107, 5, 82, 18, 68, 20, 68, 29, 42, 30, 42
107, 17, 82, 17, 86, 26, 60, 63, 95
107, 21, 64, 22, 64, 23, 59, 84, 56, 92, 43
108, 89, 42, 89, 46, 91, 45, 92, 51, 93, 45
108, 84, 55, 91, 51, 93, 43, 93, 47, 95, 45
108, 7, 40, 14, 70, 17, 87, 22, 63, 24, 44, 29, 43, 31, 57
108, 2, 58, 5, 85, 26, 45, 29, 58
108, 20, 67, 21, 61, 23, 46, 28, 42, 30, 43, 91, 47, 95, 46
108, 4, 78, 21, 66, 22, 46, 25, 45, 27, 44, 28, 43, 28, 44, 29, 44, 31, 42, 31, 43, 88, 51, 94, 46
109, 4, 86, 17, 95, 21, 59, 21, 60, 22, 59, 23, 57, 23, 58, 24, 46, 25, 62, 31, 54
109, 3, 69, 17, 55, 19, 47, 26, 44, 27, 43, 27, 45, 29, 55, 30, 44, 32, 42, 90, 45, 95, 42
109, 18, 69, 23, 45, 24, 58, 28, 56, 30, 53, 86, 52, 95, 43, 95, 44
109, 4, 70, 13, 60, 14, 66, 16, 65, 17, 53, 24, 45, 92, 44, 93, 44, 94, 42
110, 2, 57, 3, 57, 4, 58, 28, 59, 32, 57
110, 2, 59, 4, 68, 14, 51, 21, 46, 25, 44, 28, 55, 29, 45, 30, 54, 31, 44, 83, 55, 83, 56, 92, 41, 94, 44
110, 9, 91, 13, 61, 94, 43, 94, 45
111, 20, 60, 20, 65, 22, 65, 24, 57, 33, 57
111, 6, 87, 9, 89, 13, 57, 18, 62, 24, 51, 26, 50, 28, 45, 30, 45, 95, 47
111, 4, 67, 17, 65, 18, 63, 32, 44
112, 0, 77, 4, 59, 24, 63, 29, 54, 91, 43
112, 6, 89, 12, 59, 12, 60, 33, 40, 81, 56, 87, 51
112, 7, 68, 13, 58, 21, 58, 25, 50, 32, 41, 88, 46
112, 6, 88, 17, 52, 21, 47, 94, 41
113, 10, 79, 11, 63, 13, 88, 18, 53, 19, 61, 24, 50, 25, 46, 27, 55, 31, 53
113, 19, 53, 28, 46, 29, 46, 33, 42, 82, 56, 88, 45
113, 1, 62, 19, 62, 19, 72, 22, 47, 23, 64, 26, 57, 26, 61, 92, 58
113, 7, 70, 22, 57, 27, 59, 32, 54, 80, 57
114, 14, 52, 18, 54, 27, 50, 27, 56
114, 2, 60, 12, 58, 19, 54, 20, 53, 20, 54, 21, 53, 27, 49, 87, 45
114, 1, 50, 23, 51, 26, 46, 78, 57, 90, 43
114, 4, 66, 12, 70, 18, 55, 32, 53, 79, 57, 89, 47, 95, 41
114, 0, 56, 0, 57, 6, 90, 25, 51, 82, 55, 88, 50
115, 2, 56, 3, 68, 11, 61, 26, 49
115, 1, 63, 3, 60, 4, 65, 7, 64, 11, 62, 13, 68, 19, 55, 20, 47, 27, 54, 29, 53, 78, 56, 95, 53
116, 7, 66, 13, 51, 20, 59, 25, 57, 79, 55, 81, 55
116, 1, 52, 19, 48, 19, 60, 24, 47, 28, 47, 47, 56, 78, 55
116, 0, 55, 4, 60, 31, 52, 87, 46, 89, 54
116, 5, 78, 18, 61, 21, 54, 24, 59, 84, 44
117, 1, 61, 22, 53, 23, 52, 33, 41
117, 23, 49, 24, 49, 26, 51, 46, 56, 85, 45
117, 7, 44, 7, 65, 10, 64, 23, 50
117, 2, 83, 4, 64, 17, 66, 25, 49, 79, 56, 80, 56, 95, 50
117, 7, 83, 11, 65, 53, 53, 90, 50, 92, 50
118, 2, 61, 3, 61, 8, 69, 10, 65, 19, 66, 21, 68, 27, 48, 84, 52, 88, 47
118, 3, 66, 8, 79, 48, 53, 91, 50
118, 11, 59, 11, 60, 20, 48, 22, 51, 23, 56, 28, 48, 41, 52, 41, 53, 76, 57, 77, 57, 80, 55, 87, 58
118, 1, 60, 10, 63, 31, 58, 51, 56
119, 2, 65, 3, 54, 22, 48, 25, 52, 33, 45
119, 15, 75, 21, 48, 23, 48, 24, 48, 76, 56, 78, 54
119, 2, 63, 2, 67, 3, 65, 8, 82, 12, 75
119, 1, 66, 2, 66, 8, 66, 12, 64, 20, 58, 25, 47, 89, 43, 93, 48
120, 25, 53, 47, 55, 49, 56, 74, 57, 77, 55
120, 0, 51, 0, 54, 10, 62, 13, 63, 20, 51, 21, 51, 29, 49
120, 0, 53, 12, 77, 13, 67, 13, 85, 26, 54, 28, 50, 48, 56
120, 12, 88, 18, 91, 24, 61, 50, 55
120, 0, 65, 2, 62, 6, 79, 9, 65, 29, 47, 33, 43, 86, 46, 94, 48, 94, 53
120, 0, 66, 1, 68, 2, 55, 7, 63, 8, 68, 28, 53
121, 0, 52, 1, 53, 10, 52, 10, 61, 18, 60, 26, 48, 52, 56, 54, 54
121, 4, 71, 7, 86, 11, 58, 18, 49, 19, 51, 19, 57, 22, 54
121, 27, 53, 42, 55, 45, 56, 75, 56
121, 1, 65, 4, 61, 8, 65, 9, 66, 92, 48
121, 8, 67, 9, 78, 10, 66, 20, 57, 25, 48, 29, 52, 85, 51, 91, 54
121, 0, 69, 7, 87, 11, 68, 13, 64
122, 0, 76, 19, 59, 22, 49, 41, 54, 79, 54, 80, 52, 84, 45
122, 3, 63, 4, 63, 8, 80, 10, 70, 17, 60, 18, 58, 94, 49
122, 6, 78, 11, 67, 13, 65, 13, 66, 80, 46
123, 20, 49, 20, 50, 23, 53, 52, 55, 84, 51, 93, 54
123, 10, 60, 18, 59, 21, 56, 21, 67, 22, 56, 27, 51, 75, 55, 77, 54, 78, 51
123, 24, 53, 27, 57, 29, 50, 30, 47, 42, 53, 79, 52
123, 8, 70, 9, 64, 11, 69, 87, 43, 88, 43
123, 1, 54, 7, 58, 40, 54, 48, 55, 53, 54, 54, 56
124, 4, 62, 7, 57, 8, 88, 9, 69, 12, 68, 79, 51, 87, 47, 87, 54, 90, 54
124, 84, 46, 86, 43, 86, 54, 88, 48
124, 19, 50, 21, 50, 32, 51, 54, 55, 55, 56
124, 11, 57, 17, 59, 26, 52, 30, 49, 31, 51, 50, 54, 55, 54, 57, 56, 73, 56, 76, 54, 78, 52
124, 33, 56, 45, 55, 74, 55, 84, 54
125, 8, 52, 13, 87, 72, 56, 81, 51, 81, 54
125, 7, 59, 12, 76, 18, 51, 31, 50, 82, 51
125, 28, 52, 32, 49, 77, 51, 82, 54
125, 7, 60, 9, 70, 10, 59, 11, 70, 29, 51, 72, 50, 83, 51, 90, 53
125, 8, 89, 9, 67, 9, 79, 30, 50, 75, 54, 86, 47, 89, 48
126, 10, 57, 21, 49, 22, 55, 34, 45, 57, 55, 74, 54
126, 23, 55, 30, 51, 32, 50, 56, 54
126, 2, 80, 8, 64, 9, 68, 35, 42, 82, 46, 83, 45
126, 1, 70, 9, 63, 12, 67, 19, 58, 28, 51, 81, 46
127, 4, 72, 9, 62, 73, 55, 74, 51
127, 8, 58, 12, 71, 27, 52, 31, 47, 36, 45
127, 3, 70, 8, 60, 8, 61, 36, 42, 83, 46, 84, 50, 94, 39
128, 30, 57, 75, 51, 78, 50, 79, 50
128, 8, 62, 9, 61, 35, 39, 90, 48
128, 3, 90, 35, 45, 43, 53, 70, 57, 71, 57
129, 9, 58, 9, 59, 85, 47, 85, 54
129, 33, 53, 37, 48, 71, 56, 87, 44
130, 13, 86, 58, 54, 72, 54, 75, 50, 82, 50
130, 9, 80, 33, 48, 74, 50, 76, 50
131, 2, 50, 61, 56, 71, 54, 94, 59
131, 55, 53, 59, 54, 68, 56, 69, 57, 71, 51
131, 32, 56, 33, 51, 67, 56, 83, 47
132, 31, 48, 66, 56, 73, 52, 75, 52
133, 0, 74, 36, 39, 39, 54, 74, 52, 91, 44
136, 18, 67, 38, 54, 63, 54, 78, 47
137, 36, 57, 58, 53, 62, 55, 67, 55
137, 12, 89, 33, 47, 35, 48, 84, 48, 86, 44
144, 1, 72, 4, 75, 12, 86, 20, 63
153, 70, 81, 80, 92, 81, 92, 93, 82
184, 33, 76, 34, 68, 69, 71, 73, 67, 79, 73
186, 24, 71, 27, 69, 34, 62, 84, 73
187, 29, 79, 34, 65, 76, 67, 85, 67, 86, 64
189, 35, 67, 38, 74, 42, 63, 49, 70, 78, 71, 94, 63
189, 20, 90, 59, 76, 89, 63, 89, 64
195, 21, 93, 36, 79, 55, 67, 71, 70
195, 21, 85, 64, 75, 84, 70, 92, 65
197, 24, 73, 25, 85, 28, 78, 30, 78, 87, 64
197, 35, 79, 47, 61, 68, 65, 86, 68, 88, 63, 90, 65
198, 36, 73, 49, 67, 50, 71, 52, 69
198, 40, 73, 52, 68, 59, 65, 73, 71
199, 33, 62, 42, 60, 57, 66, 94, 64
200, 37, 65, 41, 72, 52, 67, 54, 66, 71, 69
201, 23, 81, 34, 69, 35, 63, 37, 61, 42, 70, 44, 71, 82, 71, 84, 72, 94, 70
202, 24, 89, 46, 66, 47, 63, 53, 64, 87, 72
202, 24, 77, 33, 77, 54, 73, 58, 63, 89, 68
203, 36, 64, 39, 74, 43, 72, 59, 64, 61, 62, 76, 69
203, 23, 77, 29, 64, 51, 73, 57, 68, 83, 64, 85, 62
204, 23, 89, 38, 64, 46, 61, 64, 63, 70, 70, 70, 71
204, 23, 95, 29, 73, 37, 78, 87, 68
204, 23, 73, 55, 74, 82, 61, 94, 67
205, 23, 80, 26, 85, 30, 64, 43, 61, 52, 73, 54, 70, 66, 63, 76, 70, 95, 69
205, 30, 74, 38, 73, 46, 69, 48, 65, 77, 61, 79, 69, 79, 70
206, 22, 77, 54, 67, 83, 67, 92, 69, 93, 65
207, 33, 72, 36, 74, 50, 74, 61, 64, 82, 65, 93, 62
208, 24, 80, 24, 83, 28, 67, 57, 61, 94, 76
208, 43, 71, 49, 74, 56, 68, 86, 67
209, 56, 66, 70, 68, 84, 67, 84, 68
209, 32, 65, 33, 65, 43, 65, 47, 70, 57, 65, 85, 73
210, 32, 75, 44, 69, 49, 66, 89, 66, 91, 70
210, 36, 71, 37, 74, 45, 62, 95, 72
211, 42, 61, 62, 64, 70, 63, 81, 63, 90, 64
211, 25, 76, 31, 77, 42, 72, 66, 61
212, 29, 70, 35, 66, 46, 62, 50, 64, 88, 65, 91, 66, 93, 72
212, 33, 70, 33, 75, 34, 66, 43, 70, 66, 64, 86, 62
213, 26, 82, 36, 67, 37, 64, 49, 73, 51, 64, 85, 63
214, 32, 72, 33, 68, 45, 61, 64, 62
214, 35, 73, 43, 63, 45, 63, 48, 71, 51, 71, 65, 61, 65, 64
215, 31, 72, 45, 66, 68, 64, 84, 71, 89, 62, 92, 67, 95, 68
216, 38, 65, 39, 71, 42, 71, 47, 64
216, 52, 66, 61, 65, 83, 65, 87, 69, 91, 65
216, 26, 76, 41, 69, 57, 62, 93, 71
217, 40, 68, 43, 68, 58, 64, 76, 61, 84, 63
218, 28, 73, 29, 74, 93, 69, 93, 70
220, 30, 77, 42, 68, 43, 62, 53, 62, 62, 61, 67, 62, 68, 63, 92, 62, 93, 63
221, 41, 60, 48, 69, 73, 61, 87, 62
223, 24, 70, 50, 67, 57, 63, 73, 62
224, 42, 66, 46, 64, 60, 64, 82, 64
