39, 3, 0, 22, 0, 25, 0, 25, 4
40, 23, 0, 24, 1, 26, 1, 27, 2
42, 4, 15, 23, 1, 24, 7, 27, 5
42, 3, 9, 3, 10, 17, 8, 29, 4, 29, 5
42, 4, 16, 13, 3, 14, 3, 20, 22, 30, 8
42, 3, 1, 3, 8, 7, 20, 16, 10, 28, 10
43, 5, 19, 7, 8, 7, 10, 8, 11, 21, 4, 23, 37, 24, 20, 26, 3, 27, 25, 30, 7, 31, 6, 32, 9
43, 2, 8, 2, 15, 7, 21, 9, 12, 31, 12
43, 3, 17, 5, 7, 7, 9, 15, 7, 25, 19, 26, 2, 28, 6, 29, 6, 30, 11
43, 3, 15, 4, 14, 5, 0, 5, 18, 6, 7, 6, 8, 6, 18, 7, 18, 14, 11, 19, 2, 21, 3, 34, 13
44, 8, 12, 25, 22, 26, 19, 27, 19, 27, 20
44, 2, 3, 4, 4, 13, 7, 21, 24, 26, 20, 26, 21, 26, 24, 31, 5, 31, 20, 90, 13, 95, 11
44, 4, 8, 20, 2, 30, 5, 30, 6
44, 0, 0, 4, 9, 5, 2, 6, 0, 6, 1, 6, 2, 6, 19, 6, 21, 7, 11, 7, 19, 8, 19, 13, 11, 14, 2, 14, 6, 15, 5, 16, 8, 16, 9, 19, 3, 23, 2, 23, 7, 24, 8, 25, 26, 31, 7, 31, 8, 32, 7, 91, 22
44, 0, 1, 5, 1, 5, 9, 8, 18, 13, 8, 14, 7, 16, 13, 25, 20, 25, 23, 26, 23, 28, 11, 30, 19, 89, 24
44, 2, 1, 3, 16, 3, 18, 5, 4, 20, 4
44, 6, 9, 14, 12, 15, 11, 22, 6, 24, 21, 32, 12
45, 3, 2, 5, 17, 6, 4, 10, 20, 13, 9, 25, 29, 26, 31, 27, 21, 27, 24, 27, 26, 30, 31, 33, 23
45, 3, 14, 8, 0, 8, 20, 12, 9, 20, 1, 20, 19, 25, 31, 26, 17, 27, 22, 28, 22, 28, 25, 28, 26, 30, 30, 31, 31, 32, 24, 33, 31, 88, 13
45, 4, 13, 18, 19, 30, 22, 31, 24, 31, 30, 32, 13, 33, 21, 33, 30, 33, 32, 87, 11, 95, 23
45, 4, 10, 4, 18, 14, 8, 32, 6
45, 2, 2, 4, 3, 4, 5, 5, 14, 5, 20, 7, 0, 7, 7, 7, 15, 9, 8, 9, 10, 13, 4, 13, 10, 14, 5, 15, 10, 15, 12, 16, 11, 20, 3, 20, 16, 21, 22, 24, 25, 25, 24, 26, 22, 28, 21, 28, 24, 29, 21, 30, 12, 33, 13, 85, 13, 92, 23
45, 2, 14, 2, 18, 5, 13, 7, 14, 13, 6, 20, 20, 26, 0, 26, 26, 27, 11, 27, 18, 29, 19, 29, 24, 31, 19, 43, 15, 87, 13, 87, 16, 91, 23, 95, 13, 95, 16
45, 3, 3, 4, 6, 5, 6, 7, 1, 7, 3, 8, 8, 8, 9, 21, 6, 24, 19, 25, 9, 95, 12
45, 2, 0, 3, 11, 4, 19, 5, 8, 6, 10, 7, 2, 9, 11, 12, 7, 12, 12, 13, 2, 13, 16, 15, 4, 15, 8, 17, 0, 17, 10, 21, 5, 24, 9, 26, 18, 29, 7, 32, 8, 33, 7, 88, 16
46, 63, 91, 64, 90, 65, 93, 65, 94
46, 4, 1, 12, 19, 14, 13, 17, 14, 17, 16, 21, 21, 21, 23, 25, 32, 29, 31, 33, 24, 70, 10, 92, 11
46, 0, 6, 2, 17, 4, 2, 6, 11, 9, 18, 12, 20, 12, 21, 15, 15, 19, 22, 20, 21, 26, 32, 28, 30, 28, 31, 29, 12, 30, 24, 30, 32, 30, 33, 32, 21, 32, 31, 90, 23
46, 11, 12, 13, 20, 22, 25, 25, 27, 30, 23, 31, 33, 43, 14
46, 6, 17, 9, 3, 9, 9, 16, 12, 17, 11, 17, 12, 18, 20, 26, 30, 28, 20, 29, 22, 34, 7, 48, 9
46, 2, 12, 2, 16, 3, 12, 5, 16, 6, 13, 6, 14, 9, 19, 11, 20, 13, 17, 14, 9, 17, 7, 17, 15, 18, 18, 19, 13, 19, 19, 20, 17, 20, 23, 22, 24, 23, 20, 25, 10, 28, 18, 28, 19, 28, 23, 30, 18, 31, 22, 32, 19, 32, 22, 32, 23, 33, 6, 33, 9, 33, 20, 49, 9, 84, 13, 86, 13, 89, 25, 90, 24, 91, 11, 93, 12, 94, 11, 94, 13
46, 6, 15, 7, 13, 9, 17, 12, 5, 12, 6, 13, 1, 14, 14, 15, 9, 17, 17, 18, 10, 18, 13, 18, 17, 20, 5, 21, 12, 22, 7, 23, 8, 23, 17, 24, 27, 27, 10, 29, 18, 29, 20, 31, 23, 34, 8, 43, 21, 44, 11, 45, 11, 46, 11, 50, 9, 85, 16, 89, 13, 89, 23, 92, 12, 92, 24, 93, 13
46, 1, 1, 3, 4, 5, 15, 8, 2, 13, 14, 14, 10, 16, 15, 24, 18, 32, 20, 67, 40, 91, 13, 91, 26
46, 1, 0, 1, 2, 5, 21, 7, 12, 8, 1, 8, 3, 13, 15, 19, 12, 23, 19, 24, 26, 29, 25, 33, 8, 33, 10, 43, 10, 83, 13, 88, 11, 92, 26
46, 8, 7, 18, 36, 19, 36, 21, 42, 25, 39, 26, 39
46, 24, 37, 27, 33, 27, 40, 29, 30, 32, 30, 75, 10
47, 6, 16, 10, 19, 16, 14, 19, 4, 24, 22, 90, 12
47, 1, 15, 3, 13, 3, 19, 7, 17, 8, 14, 8, 15, 8, 21, 9, 20, 11, 21, 13, 5, 13, 13, 13, 21, 14, 16, 14, 19, 15, 16, 18, 15, 20, 13, 20, 18, 21, 25, 25, 18, 28, 17, 29, 23, 45, 10, 47, 9, 47, 10, 48, 10, 49, 10, 88, 25, 91, 12, 95, 17
47, 0, 2, 4, 21, 5, 11, 11, 11, 12, 14, 13, 0, 13, 19, 14, 15, 21, 13, 21, 19, 21, 20, 22, 20, 27, 17, 28, 12, 32, 25, 33, 22, 33, 26, 34, 14, 44, 10, 46, 10, 53, 9, 80, 12, 82, 13, 83, 11, 86, 11, 86, 12, 89, 12, 92, 25, 92, 36, 94, 23
47, 0, 5, 4, 11, 8, 13, 12, 4, 17, 13, 18, 11, 18, 14, 88, 24, 92, 13
47, 1, 5, 4, 12, 5, 10, 6, 12, 9, 1, 10, 8, 12, 10, 12, 13, 14, 1, 18, 8, 18, 12, 18, 16, 19, 11, 20, 11, 21, 11, 23, 21, 23, 24, 26, 16, 31, 21, 47, 11, 52, 9, 87, 12, 90, 26, 93, 23
47, 2, 13, 3, 5, 3, 7, 7, 16, 13, 22, 25, 30
47, 6, 6, 10, 21, 11, 10, 20, 24, 21, 37, 22, 23, 25, 28, 30, 25, 33, 29, 81, 11, 88, 12, 90, 22, 92, 22
47, 15, 14, 16, 17, 28, 32, 28, 33, 29, 32, 29, 33, 29, 39, 30, 13, 32, 5, 45, 24, 93, 16, 94, 26
47, 9, 0, 31, 25, 31, 32, 76, 10, 79, 11, 84, 11, 90, 27
48, 4, 20, 5, 12, 10, 9, 11, 6, 19, 16, 20, 15, 22, 21, 29, 17, 51, 9, 84, 16, 89, 11
48, 1, 3, 2, 19, 10, 10, 15, 17, 20, 14, 21, 14, 21, 17, 23, 18, 27, 9, 43, 11, 50, 10, 81, 12, 83, 12, 85, 11, 85, 12, 92, 16, 92, 17, 93, 17, 93, 26
48, 1, 4, 19, 14, 19, 18, 94, 17
48, 17, 20, 22, 22, 68, 10, 69, 10, 72, 10, 90, 36
48, 14, 21, 17, 21, 23, 27, 24, 31, 26, 27, 32, 32, 34, 22, 75, 11, 95, 26
48, 16, 19, 24, 10, 26, 33, 29, 3, 93, 24
48, 0, 4, 19, 17, 21, 16, 29, 26, 33, 19, 91, 25, 94, 27
48, 0, 16, 1, 14, 8, 16, 8, 17, 9, 16, 9, 22, 11, 9, 11, 19, 18, 21, 19, 15, 22, 13, 22, 14, 22, 17, 27, 30, 31, 18, 80, 11, 80, 13, 81, 13, 84, 12, 91, 24, 94, 16, 95, 27
48, 1, 13, 5, 22, 9, 13, 11, 13, 12, 22, 22, 16, 23, 16, 23, 23, 23, 25, 24, 16, 25, 16, 33, 25, 44, 9, 46, 9, 54, 9, 57, 12, 62, 12, 63, 10, 88, 17, 89, 26, 90, 25
49, 2, 6, 2, 11, 12, 3, 31, 39
49, 3, 6, 17, 46, 19, 39, 19, 42, 20, 32, 20, 41, 20, 43, 26, 38
49, 19, 41, 20, 37, 20, 39, 24, 36, 28, 40
49, 3, 21, 9, 21, 15, 19, 16, 20, 20, 42, 27, 27, 28, 2, 46, 14, 78, 11
49, 3, 20, 3, 23, 20, 38, 24, 32, 45, 25, 46, 24, 46, 25, 61, 10
49, 4, 22, 11, 14, 25, 34, 29, 13, 31, 34, 89, 36
49, 0, 15, 0, 17, 6, 22, 10, 13, 13, 18, 15, 18, 17, 18, 22, 18, 22, 19, 23, 15, 32, 33, 55, 9, 66, 12, 67, 10, 67, 12, 89, 17, 94, 36, 95, 25
49, 3, 24, 8, 22, 10, 17, 10, 22, 21, 26, 23, 9, 23, 26, 28, 29, 34, 19, 42, 25, 44, 14, 44, 24, 46, 26, 49, 11, 51, 10, 64, 10, 65, 10, 73, 11, 77, 10, 86, 10, 93, 25
49, 11, 8, 14, 17, 20, 6, 21, 15, 22, 15, 25, 17, 74, 10, 76, 11, 88, 23, 93, 36
49, 0, 3, 1, 16, 3, 22, 11, 7, 12, 15, 12, 17, 21, 18, 23, 22, 24, 17, 26, 29, 33, 14, 71, 11, 77, 11, 79, 10, 81, 10, 82, 10, 87, 26, 94, 24, 94, 25
50, 3, 27, 19, 43, 32, 34, 93, 95
50, 11, 16, 13, 25, 19, 23, 24, 34, 28, 27, 30, 4, 30, 26, 61, 9
50, 2, 20, 2, 22, 7, 23, 14, 24, 16, 18, 19, 27, 20, 26, 20, 27, 22, 27, 23, 31, 27, 38, 31, 29, 33, 33, 33, 34, 68, 12, 89, 22, 95, 33
50, 0, 20, 1, 20, 8, 23, 8, 24, 10, 23, 15, 27, 22, 10, 43, 16, 43, 24, 52, 11, 70, 11, 95, 32
50, 2, 21, 10, 18, 13, 24, 24, 30
50, 9, 15, 10, 16, 11, 22, 20, 25, 21, 7, 56, 12, 58, 12, 59, 12, 60, 10, 60, 12, 64, 11, 78, 13, 79, 12, 83, 16
50, 4, 23, 9, 14, 9, 23, 12, 23, 14, 25, 15, 20, 17, 19, 18, 24, 18, 25, 18, 26, 19, 9, 26, 28, 26, 34, 32, 18, 33, 18, 34, 25, 35, 7, 44, 15, 45, 14, 45, 15, 47, 14, 61, 12, 86, 26, 88, 22, 95, 28
50, 15, 25, 22, 11, 43, 25, 48, 15, 56, 9
50, 14, 22, 26, 11, 45, 9, 72, 11, 73, 10, 80, 10, 93, 22
50, 1, 17, 12, 18, 15, 3, 23, 10, 27, 16, 30, 17, 58, 9, 63, 12, 66, 10, 90, 17, 91, 17
51, 1, 6, 13, 26, 18, 22, 18, 41, 23, 28, 27, 34
51, 2, 23, 6, 25, 12, 26, 14, 26, 16, 3, 16, 24, 22, 32, 27, 29, 44, 21, 50, 12, 75, 13
51, 6, 23, 15, 26, 16, 26, 17, 26, 20, 28, 22, 4, 22, 31, 29, 29, 31, 26, 32, 26, 32, 29, 50, 11, 52, 10, 53, 11, 55, 12, 58, 10, 59, 10, 68, 11, 78, 12, 83, 10, 89, 32
51, 1, 21, 4, 24, 7, 22, 7, 24, 10, 14, 12, 24, 14, 23, 15, 22, 16, 21, 17, 6, 17, 23, 17, 25, 18, 4, 21, 27, 44, 25, 46, 15, 52, 12, 54, 10, 54, 12, 55, 10, 55, 11, 56, 10, 57, 11, 58, 11, 59, 11, 60, 9, 60, 11, 61, 11, 63, 11, 69, 11, 69, 12, 85, 10, 86, 17, 87, 23, 92, 18, 93, 18, 94, 22, 95, 22
51, 0, 18, 15, 24, 22, 8, 45, 26, 49, 15, 62, 11, 73, 12
51, 10, 7, 11, 15, 11, 17, 17, 1, 19, 24, 19, 25, 20, 10, 23, 13, 25, 15, 53, 10, 56, 11, 65, 11, 65, 12, 67, 11, 78, 10, 79, 13, 88, 26
51, 1, 18, 23, 11, 43, 20, 59, 9
51, 14, 27, 15, 2, 15, 28, 94, 33
52, 2, 24, 18, 23, 28, 16, 28, 28, 54, 11, 57, 9, 72, 12, 75, 12, 88, 36
52, 1, 19, 16, 23, 19, 6, 19, 7, 21, 10, 29, 27, 33, 27, 42, 11, 43, 29, 45, 21, 47, 15, 47, 26, 64, 12, 70, 12, 74, 12, 77, 13, 85, 17, 85, 23, 93, 32, 94, 14, 94, 32
52, 0, 19, 0, 22, 24, 11, 27, 12
52, 17, 2, 50, 15, 76, 12, 90, 32
52, 0, 21, 10, 1, 10, 15, 18, 7, 22, 12, 25, 11, 32, 14, 46, 12, 57, 10, 66, 11, 77, 12, 84, 10, 87, 27, 88, 27, 93, 10
52, 1, 32, 14, 29, 16, 45, 16, 46, 17, 37, 17, 44
52, 0, 32, 11, 4, 16, 43, 17, 43, 92, 33, 93, 33
52, 5, 26, 5, 27, 7, 25, 18, 40, 85, 41, 86, 41
52, 0, 28, 1, 24, 1, 27, 28, 38, 93, 37
52, 0, 26, 0, 30, 15, 21, 16, 27, 23, 30, 23, 33
52, 0, 25, 1, 25, 2, 25, 3, 25, 4, 26, 5, 23, 6, 24, 12, 25, 16, 22, 18, 27, 19, 28, 23, 32, 30, 27, 91, 32, 93, 14
52, 0, 27, 2, 26, 4, 25, 14, 28, 16, 25, 17, 22, 21, 28, 27, 28, 30, 28, 30, 34, 71, 12, 92, 32
53, 17, 3, 82, 16, 84, 17, 85, 26, 87, 10, 91, 18
53, 15, 46, 16, 44, 16, 47, 67, 94
53, 12, 0, 12, 27, 17, 41, 41, 31
53, 5, 24, 5, 25, 6, 26, 15, 23, 17, 39, 19, 35, 29, 34, 34, 24, 89, 10, 91, 37
53, 9, 25, 10, 24, 18, 6, 18, 28, 20, 36, 21, 32, 23, 29, 24, 35, 87, 22, 95, 10
53, 17, 27, 18, 5, 20, 7, 20, 31, 28, 13, 28, 34, 33, 28, 35, 8, 42, 29, 42, 30, 44, 20, 88, 32, 94, 10
53, 1, 22, 20, 30, 22, 28, 24, 13, 29, 16, 29, 28, 43, 28, 44, 16, 45, 16, 46, 21, 47, 25, 56, 15, 60, 15, 62, 9, 76, 13, 76, 27, 83, 26, 87, 32, 92, 10, 95, 31
54, 0, 13, 12, 1, 16, 39, 18, 35, 21, 31, 28, 35, 42, 44, 44, 29, 90, 10
54, 8, 25, 19, 29, 20, 29, 21, 36, 27, 35, 30, 38, 42, 28, 49, 14, 84, 26, 90, 37
54, 0, 23, 11, 24, 22, 9, 25, 37, 44, 26, 45, 20, 46, 16
54, 45, 12, 47, 21, 87, 36, 92, 37, 94, 28
54, 16, 2, 22, 30, 27, 15, 32, 28, 43, 12, 47, 24, 49, 12, 65, 9, 74, 13, 85, 36, 92, 21
54, 19, 8, 27, 1, 34, 20, 48, 16, 51, 15, 86, 32
55, 16, 37, 16, 42, 43, 43, 94, 37
55, 42, 26, 48, 21, 72, 13, 86, 40, 88, 10, 90, 21, 95, 14
55, 12, 28, 46, 29, 73, 13, 85, 27
55, 10, 25, 15, 1, 20, 8, 57, 15, 77, 26, 77, 27, 83, 17, 87, 25, 87, 40
55, 25, 5, 34, 18, 61, 15, 85, 22
55, 17, 4, 20, 9, 43, 30, 48, 14, 58, 15, 76, 25, 82, 26, 86, 27, 89, 18, 90, 18
55, 31, 17, 32, 27, 47, 16, 54, 15, 55, 15, 67, 15, 80, 16, 81, 16, 84, 23
56, 17, 31, 19, 31, 22, 36, 23, 36, 78, 26
56, 21, 29, 34, 6, 43, 26, 63, 9, 84, 41, 91, 21
56, 21, 33, 28, 15, 33, 35, 34, 28, 34, 31, 35, 22, 45, 19, 45, 29, 46, 20, 48, 25, 52, 15, 54, 16, 57, 16, 78, 16, 84, 27, 89, 37, 93, 21
56, 24, 12, 30, 14, 30, 16, 31, 14, 33, 15, 53, 15, 56, 16, 81, 26, 83, 23, 86, 22, 86, 36
56, 13, 42, 14, 41, 15, 42, 16, 38, 16, 40
57, 21, 30, 22, 29, 48, 20, 64, 9, 68, 9, 77, 25, 80, 23
57, 15, 0, 26, 6, 29, 10, 36, 7, 42, 20, 43, 19, 43, 27, 47, 29, 49, 16, 81, 23, 82, 23, 82, 25, 88, 37, 89, 31, 92, 28
57, 35, 25, 47, 20, 59, 16, 66, 9, 75, 26, 79, 16, 80, 26
57, 1, 34, 4, 29, 13, 41, 15, 31
57, 9, 26, 11, 26, 16, 41, 17, 32, 44, 27, 48, 8, 59, 44, 72, 9
58, 55, 16, 58, 31, 80, 22, 81, 17, 81, 22
58, 33, 17, 48, 22, 48, 23, 49, 21, 58, 16, 60, 16, 65, 25, 77, 16, 84, 36
58, 26, 14, 49, 23, 49, 24, 78, 27, 82, 17, 82, 22
58, 8, 4, 15, 47, 62, 87, 63, 82
58, 17, 30, 19, 34, 31, 4, 34, 21, 91, 10
58, 16, 30, 18, 30, 18, 31, 42, 27, 44, 12, 45, 27, 46, 27, 50, 14, 79, 26
58, 19, 30, 20, 35, 44, 19, 81, 27, 95, 29
59, 10, 26, 19, 33, 23, 34, 24, 4, 25, 7, 26, 35, 33, 12, 85, 40, 92, 14
59, 32, 15, 37, 8, 37, 25, 49, 25, 51, 14, 53, 21, 68, 13, 71, 13, 87, 37, 88, 21
59, 28, 14, 44, 30, 46, 19, 66, 25, 67, 9, 83, 27, 84, 22, 88, 31
59, 23, 5, 26, 37, 27, 13, 27, 14, 48, 26, 49, 22, 50, 24, 66, 22, 78, 25, 80, 17, 80, 24, 81, 25, 87, 31, 90, 31, 91, 28
59, 1, 40, 3, 29, 13, 45, 14, 38
60, 31, 37, 40, 11, 45, 17, 45, 28, 53, 16, 60, 44
60, 21, 35, 29, 35, 42, 24, 42, 42, 51, 25, 92, 31
60, 73, 16, 77, 24, 79, 23, 82, 27, 86, 18, 90, 28
60, 25, 13, 34, 16, 34, 17, 43, 17, 47, 30, 52, 21, 56, 24, 63, 15, 64, 15, 65, 22, 75, 25, 78, 17, 78, 24, 92, 19, 95, 19
60, 31, 16, 32, 17, 47, 27, 52, 24, 91, 31
60, 69, 15, 76, 16, 79, 17, 79, 22, 83, 36
61, 20, 0, 22, 35, 35, 19, 36, 8, 38, 25, 40, 31, 58, 30, 60, 43, 84, 25, 84, 40, 93, 19
61, 28, 37, 37, 22, 41, 11, 45, 30, 50, 23, 56, 44, 71, 9, 80, 41
61, 46, 28, 76, 24, 94, 19, 95, 30
61, 21, 2, 49, 20, 49, 26, 53, 22, 56, 25, 70, 13, 74, 15, 82, 36, 86, 31, 89, 28, 93, 31
61, 46, 30, 50, 26, 51, 21, 54, 21, 73, 15, 88, 28, 91, 19, 95, 21
61, 43, 18, 44, 34, 74, 26, 77, 23, 78, 22, 79, 24, 80, 32
62, 26, 36, 56, 23, 68, 16, 71, 15, 74, 25, 77, 22, 89, 14
62, 22, 1, 45, 18, 50, 25, 54, 20, 55, 21, 55, 22, 79, 27, 81, 36, 84, 18, 85, 31, 86, 37, 87, 21
62, 32, 36, 42, 41, 45, 8, 90, 38
62, 55, 24, 56, 22, 79, 41, 82, 42, 83, 25, 83, 42
62, 25, 35, 29, 36, 31, 36, 35, 11, 52, 14, 52, 23, 55, 44, 59, 30, 75, 27, 85, 25
63, 26, 13, 46, 17, 51, 22, 57, 17, 74, 32
63, 50, 16, 72, 15, 77, 15, 87, 28
63, 1, 39, 3, 43, 73, 9, 91, 93
63, 18, 33, 32, 37, 33, 38, 35, 13, 72, 43
63, 36, 22, 39, 11, 47, 8, 56, 41, 69, 13, 75, 15, 77, 17, 80, 42, 81, 21, 81, 41, 85, 37, 87, 39
63, 46, 8, 51, 26, 53, 20, 61, 44
63, 30, 9, 44, 18, 52, 22, 69, 16, 70, 16, 71, 16, 72, 16, 91, 14
63, 47, 28, 51, 23, 60, 30, 65, 26, 66, 16, 67, 16, 78, 31, 80, 31, 85, 18, 89, 39, 92, 20
64, 56, 42, 70, 45, 75, 9, 77, 43
64, 29, 37, 38, 8, 57, 24, 58, 21, 74, 45, 76, 42, 77, 42, 79, 31, 81, 42, 83, 31
64, 27, 7, 42, 19, 72, 45, 80, 36
64, 32, 16, 46, 18, 48, 19, 52, 16, 53, 23, 53, 24, 54, 17, 55, 20, 56, 17, 63, 22, 65, 16, 67, 22, 73, 26, 74, 31, 75, 22, 76, 23, 82, 24, 84, 37, 89, 38
64, 31, 15, 54, 22, 66, 26, 74, 24
65, 41, 45, 43, 45, 49, 8, 71, 46, 77, 44, 92, 94
65, 41, 34, 57, 41, 57, 42, 79, 43
65, 58, 43, 59, 21, 71, 44, 75, 45, 78, 42, 79, 35, 93, 20
65, 73, 43, 73, 44, 76, 43, 76, 44, 83, 40, 85, 21, 94, 29
65, 60, 25, 62, 16, 75, 23, 78, 43, 82, 32, 86, 21, 87, 14
65, 39, 25, 50, 20, 55, 17, 59, 17, 64, 25, 74, 17, 77, 32, 79, 21, 79, 32, 79, 36, 81, 31, 83, 37, 86, 28, 86, 39, 88, 38, 91, 20, 94, 20
65, 60, 31, 64, 22, 71, 26, 72, 26
66, 61, 30, 72, 27, 73, 45, 78, 41
66, 30, 36, 40, 28, 42, 40, 55, 42, 55, 43, 57, 20, 60, 23, 61, 43, 63, 16, 65, 13, 74, 27, 81, 43, 89, 19, 89, 20, 95, 20
66, 31, 11, 46, 31, 54, 44, 56, 43, 72, 44, 75, 44, 88, 39
66, 54, 23, 59, 42, 64, 26, 83, 18, 88, 14
66, 42, 17, 54, 24, 60, 22, 61, 22, 61, 23, 62, 22, 64, 16, 69, 26, 73, 27, 78, 35, 82, 21, 82, 31
66, 47, 18, 55, 26, 70, 26, 73, 17, 73, 24
66, 43, 41, 47, 50, 79, 44, 80, 43
67, 48, 29, 53, 25, 57, 30, 73, 25, 74, 23, 78, 21, 84, 21
67, 57, 23, 60, 26, 72, 17, 75, 21, 80, 35
67, 0, 42, 32, 4, 74, 9, 90, 94
67, 48, 27, 67, 21, 73, 23, 76, 21
67, 44, 42, 62, 44, 64, 43, 69, 45, 74, 44, 75, 42, 75, 43, 85, 28, 88, 19
68, 58, 22, 59, 22, 60, 17, 60, 21, 61, 31, 64, 21, 72, 25, 73, 31, 77, 21, 89, 30
68, 39, 28, 57, 43, 61, 42, 66, 13, 80, 40, 94, 30
68, 55, 41, 58, 41, 70, 27, 86, 38
68, 37, 28, 56, 26, 57, 35, 58, 42, 61, 21, 86, 15
68, 54, 26, 58, 20, 62, 21, 63, 21, 70, 17, 89, 29, 90, 20
69, 36, 31, 60, 41, 73, 46, 92, 95
69, 38, 11, 54, 41, 54, 43, 87, 30
69, 58, 24, 59, 41, 63, 43, 69, 44, 71, 41, 73, 42, 81, 37, 82, 37, 83, 15, 84, 39, 85, 39, 93, 15
69, 54, 34, 59, 24, 61, 17, 63, 26, 68, 22, 78, 15, 81, 18
69, 35, 28, 36, 28, 40, 25, 41, 14, 52, 26, 53, 14, 56, 30, 56, 40, 69, 17, 72, 24, 74, 21, 76, 28, 83, 21, 84, 15, 87, 19, 90, 29, 91, 29
69, 49, 19, 68, 17, 71, 17, 81, 28
69, 57, 22, 59, 23, 59, 26, 61, 25, 68, 24, 69, 25, 70, 22, 71, 23, 75, 35, 80, 18
70, 43, 35, 43, 40, 53, 41, 56, 29, 63, 13, 70, 42, 76, 30, 80, 37
70, 49, 34, 54, 42, 58, 26, 62, 43, 72, 41, 79, 40
70, 55, 31, 58, 23, 61, 26, 64, 42, 70, 44, 71, 24, 86, 14, 88, 20, 93, 30
70, 42, 8, 49, 27, 54, 8, 70, 23, 70, 25, 71, 21, 72, 31, 79, 18, 80, 28, 88, 29, 88, 30
70, 49, 30, 50, 27, 53, 17, 68, 21, 73, 21, 75, 30
71, 44, 41, 63, 25, 69, 22, 70, 21, 70, 46, 76, 35, 78, 40, 81, 15, 84, 14
71, 34, 27, 44, 35, 49, 31, 57, 26, 57, 29, 64, 13, 75, 46, 84, 38
71, 32, 10, 53, 34, 56, 35, 62, 26
71, 47, 22, 47, 34, 48, 34, 53, 8, 54, 19, 77, 35, 86, 30
71, 69, 23, 69, 27, 78, 36, 80, 30, 87, 20
71, 2, 29, 35, 31, 39, 22, 47, 40, 85, 38
72, 42, 21, 48, 18, 48, 28, 49, 17, 51, 27, 54, 14, 55, 18, 55, 19, 57, 18, 62, 17, 69, 21, 70, 24, 70, 41, 71, 31, 71, 32, 72, 21, 75, 36, 78, 18, 81, 30, 84, 30, 86, 19, 87, 29
72, 34, 3, 44, 49, 48, 47, 79, 9
72, 42, 48, 47, 49, 57, 8, 76, 46, 86, 9
72, 42, 39, 53, 42, 54, 35, 60, 29, 64, 17, 66, 44, 67, 13, 80, 15, 83, 30
72, 50, 31, 55, 40, 65, 17, 69, 42, 74, 42
73, 34, 36, 38, 91, 44, 40, 68, 45
73, 37, 11, 41, 8, 44, 95, 47, 92, 52, 34, 53, 35, 53, 43, 58, 29, 59, 13, 63, 31, 67, 20, 74, 41, 86, 29
73, 47, 41, 47, 95, 50, 19, 50, 30, 55, 35, 61, 13, 69, 31, 73, 41, 75, 28, 85, 30
73, 44, 22, 49, 29, 57, 19, 59, 27, 63, 17, 64, 31, 68, 27, 77, 28, 79, 37
74, 33, 2, 44, 48, 61, 32, 89, 91
74, 38, 7, 44, 6, 47, 47, 55, 8
74, 40, 22, 64, 20, 65, 42, 84, 19
74, 35, 14, 40, 14, 56, 39, 68, 41, 77, 40, 82, 15, 85, 19
74, 37, 19, 46, 22, 62, 27, 68, 42, 83, 38
74, 58, 27, 61, 29, 62, 30, 72, 30
74, 40, 34, 53, 30, 58, 14, 59, 14, 66, 17, 66, 27, 69, 41, 70, 30, 86, 20
74, 51, 31, 54, 27, 76, 29, 78, 30, 80, 29
75, 37, 31, 47, 94, 51, 34, 53, 29, 57, 36, 58, 19, 71, 30, 75, 18, 83, 14, 85, 20
75, 42, 37, 51, 30, 52, 17, 52, 30, 52, 41, 61, 20, 62, 20
75, 39, 34, 50, 18, 57, 39, 60, 27, 63, 20, 64, 30, 65, 27, 66, 20, 76, 40, 77, 18, 88, 15
75, 47, 35, 50, 29, 52, 31, 54, 29, 59, 29, 63, 27, 64, 27, 72, 28, 78, 28, 81, 20, 84, 20
76, 23, 3, 39, 95, 52, 27, 53, 40, 66, 45, 77, 36
76, 35, 16, 52, 18, 73, 20, 73, 28, 75, 37, 79, 28
76, 55, 29, 65, 31, 74, 40, 75, 40
76, 45, 22, 50, 17, 59, 18, 75, 29, 79, 20
76, 48, 35, 49, 28, 50, 34, 82, 30, 85, 29
76, 47, 48, 63, 50, 69, 46, 87, 90
76, 37, 90, 39, 92, 41, 39, 72, 47
77, 51, 19, 56, 28, 72, 20, 81, 29, 83, 20, 83, 39
77, 51, 28, 52, 28, 68, 20, 71, 20
77, 56, 27, 57, 27, 72, 18, 77, 30, 78, 20, 83, 19, 87, 15
77, 43, 39, 43, 95, 56, 8, 62, 32
77, 44, 93, 51, 44, 65, 30, 66, 41
77, 40, 94, 51, 18, 52, 43, 67, 30, 77, 9, 83, 29, 87, 24
77, 43, 36, 48, 44, 52, 42, 71, 28, 71, 29, 85, 9
78, 40, 95, 41, 37, 42, 90, 48, 95
78, 38, 34, 38, 95, 39, 91, 41, 22, 48, 40, 50, 28, 51, 17, 59, 28, 66, 42, 67, 45, 68, 30, 71, 47, 73, 47, 82, 29
78, 38, 94, 47, 45, 80, 9, 81, 39
78, 38, 14, 43, 23, 44, 94, 57, 28, 61, 28, 63, 30, 65, 41, 68, 31, 69, 32, 72, 29
78, 34, 26, 51, 29, 52, 19, 52, 29, 53, 28, 70, 20, 74, 18, 74, 28, 75, 20, 81, 19
79, 37, 89, 39, 93, 52, 35, 55, 28, 55, 39, 61, 41, 68, 46
79, 44, 23, 44, 87, 44, 92, 60, 18, 62, 23, 66, 30, 79, 14, 89, 15
79, 44, 36, 54, 28, 73, 29, 74, 29, 76, 37, 79, 19, 80, 39, 82, 19
80, 43, 91, 44, 39, 74, 47, 82, 39
80, 37, 94, 38, 93, 42, 89, 42, 91, 43, 37, 48, 36, 48, 43, 49, 13, 54, 50, 81, 38
80, 48, 46, 49, 44, 56, 36, 61, 18, 61, 19, 62, 28, 62, 29, 67, 24, 67, 46, 68, 14, 69, 30, 77, 20
80, 47, 36, 54, 36, 55, 36, 56, 38, 57, 14, 64, 24, 67, 28, 67, 29, 68, 28, 70, 18, 72, 19, 79, 38
80, 32, 2, 65, 32, 73, 48, 88, 9
80, 40, 91, 41, 89, 43, 92, 48, 88, 69, 49
81, 38, 19, 47, 39, 69, 20, 77, 39
81, 54, 39, 67, 18, 78, 39, 79, 39
81, 41, 91, 42, 94, 43, 93, 47, 87, 48, 45, 50, 50, 65, 48
81, 21, 0, 37, 93, 37, 95, 40, 89, 42, 16, 49, 35, 51, 41, 56, 13, 64, 41
82, 38, 90, 42, 22, 43, 90, 47, 23, 75, 38
82, 62, 18, 63, 28, 65, 28, 66, 28
82, 62, 19, 63, 18, 64, 29, 66, 47, 67, 19, 67, 23, 77, 19
82, 49, 41, 51, 43, 53, 36, 81, 9
83, 43, 94, 49, 43, 50, 41, 60, 13
83, 37, 34, 44, 88, 51, 40, 64, 28, 65, 14, 68, 32, 69, 29, 85, 14
83, 44, 91, 65, 18, 65, 19, 74, 19, 77, 29
84, 40, 92, 47, 37, 49, 40, 65, 43, 81, 14
85, 43, 89, 50, 43, 51, 35, 62, 41, 68, 47, 69, 47, 70, 48
85, 41, 92, 43, 88, 50, 35, 62, 13, 67, 32
85, 43, 38, 46, 13, 52, 13, 65, 24
86, 38, 87, 39, 86, 40, 85, 41, 93
86, 31, 3, 39, 87, 41, 85, 68, 48
87, 44, 85, 46, 44, 47, 38, 50, 42
87, 48, 42, 49, 37, 55, 37, 63, 24, 66, 23, 69, 19
89, 40, 19, 47, 42, 49, 39, 51, 38
89, 45, 23, 50, 38, 51, 37, 80, 14
89, 40, 82, 48, 84, 49, 85, 51, 6
101, 4, 85, 14, 86, 14, 87, 87, 57
102, 0, 86, 1, 93, 10, 91, 11, 95, 19, 69, 20, 46, 92, 46, 93, 52, 93, 56, 94, 52
103, 0, 84, 0, 87, 1, 79, 1, 86, 3, 92, 4, 82, 4, 91, 5, 88, 15, 88, 88, 55, 90, 52
103, 2, 84, 3, 84, 85, 56, 89, 56, 92, 52
103, 1, 87, 4, 83, 11, 90, 14, 88, 16, 86, 85, 55
104, 3, 85, 11, 89, 16, 93, 88, 57
104, 1, 78, 4, 84, 11, 87, 15, 87, 88, 52, 88, 56, 89, 57
105, 11, 88, 16, 87, 63, 95, 93, 46, 94, 58
105, 5, 89, 10, 89, 10, 90, 15, 85, 15, 86
105, 2, 58, 3, 91, 17, 85, 19, 67
106, 15, 95, 17, 86, 22, 45, 22, 60, 24, 62, 25, 61
106, 13, 94, 15, 83, 16, 82, 17, 84
106, 0, 81, 0, 82, 0, 83, 5, 84, 5, 90, 5, 91, 17, 54, 95, 51, 95, 58
107, 5, 82, 17, 92, 21, 65, 84, 56, 87, 52, 89, 46, 91, 41, 92, 42, 92, 45, 93, 58
107, 2, 57, 18, 68, 30, 42, 84, 55
107, 4, 79, 5, 79, 17, 56, 89, 42, 90, 42, 90, 46, 90, 51, 93, 42, 93, 51
107, 17, 82, 17, 83, 21, 61, 23, 59, 31, 57
108, 5, 80, 23, 46, 26, 43, 92, 51, 95, 46
108, 4, 58, 21, 46, 23, 45, 30, 58
108, 12, 61, 14, 70, 17, 53, 20, 68, 21, 64, 22, 46, 27, 44, 29, 43, 30, 43, 95, 45
108, 21, 66, 28, 43, 28, 44, 29, 44, 92, 43, 93, 45, 93, 47
109, 4, 67, 16, 95, 21, 60, 22, 59, 23, 58, 24, 58, 30, 54
109, 3, 57, 4, 68, 17, 55, 18, 69, 19, 68, 20, 67, 24, 45, 26, 44, 26, 45, 27, 43, 27, 45, 30, 44, 30, 53, 31, 43, 31, 54, 92, 41, 92, 44
109, 16, 65, 28, 42, 31, 42, 89, 45, 91, 45, 93, 43, 93, 44, 94, 46, 95, 43
110, 18, 64, 20, 60, 22, 58, 23, 57, 25, 44
110, 4, 70, 19, 47, 27, 60, 83, 57
110, 4, 59, 9, 90, 13, 59, 14, 51, 18, 62, 20, 61, 21, 59
110, 2, 59, 24, 46, 28, 56, 29, 45, 94, 44, 94, 45, 94, 47
111, 3, 59, 6, 87, 9, 89, 11, 63, 11, 64, 12, 60, 13, 57, 24, 51, 28, 45, 32, 44
111, 6, 88, 12, 59, 18, 63, 21, 47, 28, 55, 30, 45, 33, 42
111, 12, 62, 14, 67, 16, 64, 26, 50, 31, 44
112, 10, 79, 19, 61, 21, 58, 25, 50, 30, 55, 31, 53, 34, 57, 82, 57
112, 7, 68, 7, 69, 13, 58, 20, 65, 22, 65, 29, 54, 32, 41, 33, 57, 87, 51, 88, 46, 94, 41
113, 4, 66, 20, 47, 27, 46, 28, 54, 81, 56, 81, 57
113, 2, 60, 24, 50, 25, 46, 27, 55, 29, 46, 82, 56
113, 18, 53, 23, 64, 26, 57, 26, 61, 78, 57, 92, 58
113, 4, 65, 19, 53, 22, 47, 22, 57, 26, 55, 28, 46, 32, 54
114, 2, 49, 14, 62, 15, 74, 17, 69
114, 3, 60, 12, 58, 19, 55, 20, 54, 21, 53, 25, 51, 26, 56, 27, 54, 27, 56, 27, 59, 30, 52, 32, 53, 80, 57, 86, 45
114, 18, 54, 20, 53, 88, 50, 89, 47, 94, 50
114, 3, 40, 18, 55, 82, 55, 89, 50
115, 20, 52, 25, 57, 78, 56, 85, 52
115, 10, 80, 16, 63, 18, 48, 19, 56, 21, 57, 30, 46, 79, 55, 81, 55
115, 10, 64, 11, 62, 13, 68, 24, 52, 26, 49, 95, 41
115, 0, 56, 6, 91, 23, 47, 79, 57, 87, 45
116, 2, 79, 3, 67, 4, 60, 7, 44, 11, 65, 21, 54, 23, 51, 23, 62, 27, 49
116, 1, 62, 1, 63, 7, 66, 11, 61, 13, 62, 16, 59, 21, 52, 84, 44
117, 11, 59, 13, 51, 25, 49, 41, 55, 78, 55
117, 6, 84, 17, 94, 28, 47, 33, 43, 46, 56, 85, 45, 87, 46
117, 7, 64, 22, 52, 23, 52, 88, 53
117, 1, 64, 10, 65, 12, 69, 13, 88, 17, 62, 18, 61, 19, 48, 22, 53, 24, 49
117, 0, 55, 4, 64, 92, 50, 93, 50
118, 2, 68, 7, 65, 10, 63, 22, 51, 31, 52
118, 2, 61, 17, 66, 23, 49, 27, 47, 27, 48, 28, 48, 28, 49
118, 29, 59, 50, 56, 51, 56, 75, 57
118, 1, 52, 1, 53, 1, 61, 11, 60, 20, 48, 20, 55, 41, 52, 80, 55, 80, 56
118, 0, 64, 12, 64, 20, 58, 25, 47, 33, 44, 84, 58
119, 0, 51, 2, 67, 12, 50, 13, 63, 77, 57
119, 21, 48, 23, 56, 24, 48, 32, 45, 34, 42, 76, 56, 77, 56, 84, 52
119, 18, 49, 18, 52, 31, 46, 75, 56
119, 0, 50, 2, 62, 8, 69, 48, 53, 90, 54, 93, 53
119, 0, 67, 1, 67, 2, 64, 2, 66, 3, 61, 3, 65, 12, 75, 25, 52, 76, 57, 93, 48
120, 10, 61, 10, 62, 11, 58, 18, 60, 20, 57, 22, 56, 23, 48, 78, 54
120, 0, 65, 4, 61, 8, 66, 21, 51, 28, 50
120, 7, 63, 8, 67, 8, 68, 13, 64, 22, 48, 28, 53, 29, 47, 33, 45
121, 0, 52, 17, 60, 19, 59, 56, 56, 85, 51
121, 0, 58, 19, 51, 19, 57, 21, 55, 29, 52
121, 1, 59, 1, 60, 75, 55, 77, 55
121, 0, 54, 9, 65, 9, 66, 13, 67, 26, 48, 82, 52, 86, 46, 93, 40
121, 1, 66, 1, 68, 7, 87, 11, 67
122, 21, 67, 42, 52, 46, 57, 51, 54, 79, 52
122, 4, 71, 16, 60, 22, 54, 23, 53, 30, 49, 45, 56, 48, 55, 49, 55, 50, 55, 77, 54, 79, 51, 79, 54, 83, 51, 85, 46
122, 15, 75, 17, 61, 18, 91, 19, 49, 24, 61, 26, 53
122, 7, 61, 10, 66, 13, 65, 13, 66, 89, 53, 92, 48
122, 1, 65, 3, 63, 4, 63, 6, 78, 10, 68, 27, 53
122, 7, 86, 9, 78, 10, 70, 11, 68
122, 8, 80, 8, 90, 80, 46, 94, 49
123, 7, 58, 8, 88, 9, 69, 12, 68, 19, 50, 20, 49, 27, 51, 30, 47, 33, 56, 76, 55, 80, 51, 81, 54
123, 1, 55, 4, 62, 21, 56, 78, 51
123, 0, 53, 0, 66, 18, 58, 20, 50, 81, 52, 84, 51
123, 2, 83, 7, 57, 7, 62, 10, 67, 16, 61, 16, 62, 85, 44, 90, 53
124, 3, 62, 11, 69, 84, 45, 87, 47
124, 26, 52, 86, 47, 88, 48, 95, 48
124, 12, 65, 21, 50, 23, 55, 29, 51
124, 7, 60, 11, 57, 11, 70, 12, 77, 18, 50, 29, 50, 35, 42
124, 24, 53, 27, 57, 32, 49, 74, 55, 78, 52
125, 31, 51, 55, 54, 57, 56, 81, 51, 87, 54
125, 7, 59, 19, 58, 22, 55, 31, 50, 36, 42, 47, 53, 54, 55, 87, 43
125, 9, 68, 10, 59, 72, 50, 82, 51, 89, 54
125, 7, 88, 8, 64, 9, 67, 9, 79
126, 18, 51, 28, 51, 28, 52, 32, 50, 50, 54, 73, 51, 73, 54, 74, 51, 80, 54, 88, 58
126, 54, 56, 58, 56, 59, 56, 77, 51, 80, 50
126, 9, 63, 12, 67, 30, 50, 30, 51, 35, 39, 86, 50, 91, 49, 95, 49
127, 8, 58, 8, 60, 10, 57, 30, 48, 43, 54, 57, 54, 81, 46, 83, 46, 85, 50
127, 27, 52, 31, 47, 73, 55, 75, 51, 76, 51, 81, 50, 82, 54
127, 8, 59, 8, 61, 9, 70, 84, 54, 86, 43
128, 9, 61, 9, 62, 12, 88, 82, 46
128, 12, 71, 77, 50, 77, 52, 79, 50, 86, 48, 90, 49
129, 9, 58, 32, 48, 32, 56, 67, 57, 70, 57
130, 59, 54, 69, 56, 72, 54, 75, 50, 82, 58
132, 36, 48, 38, 42, 55, 53, 56, 53, 71, 51, 74, 52, 83, 47
135, 58, 57, 61, 54, 62, 56, 70, 55
137, 18, 67, 28, 58, 33, 50, 47, 52
143, 0, 70, 1, 72, 2, 70, 4, 76, 12, 87
153, 56, 93, 70, 81, 74, 86, 94, 84
168, 36, 9, 36, 32, 37, 15, 41, 12
174, 21, 82, 27, 80, 64, 74, 71, 68
182, 20, 94, 34, 63, 36, 61, 56, 72, 77, 73
183, 23, 83, 23, 90, 24, 88, 36, 75, 80, 68
186, 38, 12, 38, 18, 39, 15, 40, 15
188, 20, 90, 35, 69, 89, 63, 95, 64
188, 29, 79, 31, 74, 78, 69, 94, 69
190, 69, 75, 72, 63, 77, 67, 77, 69
191, 25, 88, 26, 69, 29, 76, 30, 72, 91, 68
191, 25, 69, 69, 74, 75, 66, 81, 72, 85, 66
191, 37, 70, 65, 73, 87, 67, 92, 75
195, 24, 73, 27, 83, 38, 69, 39, 69, 77, 62
195, 36, 79, 55, 67, 66, 73, 92, 65
196, 26, 83, 28, 78, 36, 66, 86, 68, 88, 66
198, 41, 68, 49, 67, 73, 71, 82, 73
198, 34, 75, 56, 71, 70, 64, 89, 65, 92, 64
199, 25, 77, 36, 72, 39, 63, 39, 73, 46, 67, 57, 66, 94, 64
200, 54, 66, 65, 66, 67, 63, 71, 69, 92, 71, 94, 70
201, 27, 77, 35, 63, 37, 61, 38, 71
201, 23, 81, 24, 77, 34, 72, 42, 70, 44, 71, 64, 64, 95, 63
201, 35, 70, 40, 66, 71, 62, 82, 71
202, 23, 74, 47, 63, 58, 67, 89, 68
203, 32, 77, 33, 77, 46, 61, 51, 73, 85, 62
204, 37, 78, 51, 66, 77, 61, 86, 65
205, 23, 80, 30, 64, 38, 72, 49, 69, 66, 63, 79, 70, 93, 65, 95, 69
205, 25, 73, 30, 74, 30, 75, 38, 73, 48, 65, 79, 69, 87, 68
206, 22, 77, 26, 85, 54, 67, 92, 69
208, 43, 71, 47, 70, 67, 71, 86, 67
209, 32, 75, 33, 65, 44, 69, 53, 68, 54, 60, 82, 62
209, 32, 65, 37, 74, 39, 68, 56, 68
210, 42, 61, 49, 66, 73, 68, 90, 64, 91, 70
211, 42, 72, 64, 65, 66, 61, 90, 70
211, 31, 77, 33, 70, 34, 66, 45, 64, 86, 62, 90, 69
212, 25, 76, 35, 66, 43, 70, 48, 70, 93, 72
212, 25, 83, 28, 77, 37, 64, 40, 72, 49, 73, 80, 64
213, 29, 75, 37, 69, 52, 74, 69, 61
215, 31, 72, 33, 73, 38, 65, 42, 71, 45, 66, 61, 65, 65, 61, 68, 64, 84, 71
216, 47, 64, 83, 65, 87, 63, 92, 67
216, 22, 74, 26, 76, 43, 68, 47, 67
216, 41, 69, 44, 63, 54, 64, 66, 66
217, 29, 77, 40, 68, 52, 66, 58, 64, 72, 61, 76, 61
217, 27, 76, 28, 73, 57, 62, 92, 68, 93, 71
218, 71, 64, 79, 62, 90, 62, 93, 64
218, 27, 70, 27, 73, 29, 74, 56, 70, 93, 70
219, 36, 68, 52, 60, 70, 62, 76, 62, 85, 64
220, 43, 62, 44, 65, 48, 69, 53, 62, 68, 63, 71, 63, 93, 63
221, 41, 60, 45, 69, 53, 67, 66, 65
223, 24, 70, 42, 66, 57, 63, 60, 64, 70, 61, 73, 62
226, 44, 67, 45, 67, 47, 65, 56, 60, 56, 62, 63, 64
226, 52, 64, 53, 61, 58, 65, 65, 62, 78, 61
