41, 24, 2, 27, 2, 28, 7, 34, 10
41, 3, 9, 18, 0, 23, 1, 28, 4
41, 23, 6, 27, 3, 27, 4, 31, 9
42, 4, 16, 13, 3, 14, 3, 17, 8, 26, 3, 27, 5, 28, 10
42, 3, 1, 7, 20, 19, 2, 26, 25, 30, 6
43, 2, 8, 6, 19, 16, 9, 18, 2, 24, 19, 25, 9, 25, 25
43, 22, 5, 24, 7, 26, 4, 28, 3
43, 4, 14, 8, 10, 16, 10, 30, 8
43, 2, 1, 3, 10, 6, 9, 6, 20, 15, 6, 15, 11, 16, 8, 19, 3, 20, 2, 23, 7, 28, 5, 29, 6, 29, 11
43, 3, 15, 5, 4, 5, 18, 5, 19, 7, 8, 7, 9, 7, 18, 14, 12, 20, 4, 21, 6, 22, 6, 29, 7, 31, 6, 32, 9, 32, 12, 34, 13
44, 25, 26, 25, 31, 26, 30, 26, 31, 30, 30
44, 5, 20, 6, 2, 13, 16, 25, 19
44, 2, 9, 5, 3, 7, 7, 7, 21, 21, 4, 21, 22, 24, 25, 25, 29, 26, 24, 27, 25, 30, 11, 30, 31, 31, 20, 31, 23, 92, 11, 92, 23, 95, 11
44, 3, 14, 5, 0, 5, 5, 30, 12, 32, 20
44, 0, 1, 4, 7, 4, 9, 6, 7, 6, 21, 8, 11, 9, 10, 9, 11, 17, 9, 21, 3, 28, 6, 31, 7, 32, 7, 91, 22
44, 2, 0, 5, 2, 5, 6, 8, 19, 13, 8, 13, 11, 13, 12, 14, 7, 15, 4, 15, 10, 24, 8, 24, 9, 24, 20, 26, 22, 26, 26
44, 3, 17, 7, 19, 15, 7, 26, 2
44, 3, 16, 4, 8, 6, 8, 8, 8, 13, 7, 14, 11, 23, 2, 30, 7, 31, 12
45, 3, 7, 4, 5, 6, 4, 19, 20, 21, 43, 24, 27, 27, 24, 28, 24, 33, 24
45, 1, 2, 7, 12, 21, 24, 22, 40, 25, 27, 26, 9, 27, 23, 27, 31, 28, 20, 28, 22, 28, 26, 28, 31, 29, 21, 29, 22, 30, 22, 32, 19, 33, 10, 91, 11
45, 5, 1, 20, 23, 21, 5, 23, 24, 26, 17, 29, 30, 31, 19, 31, 24, 31, 30, 88, 25, 90, 22
45, 2, 2, 3, 11, 4, 4, 6, 1, 7, 3, 7, 11, 8, 0, 11, 20, 12, 6, 13, 6, 14, 6, 17, 10, 20, 16, 24, 21, 25, 21, 26, 19, 26, 20, 26, 21, 26, 23, 31, 5, 32, 23, 89, 25, 90, 13, 91, 26, 94, 11
45, 2, 18, 4, 10, 5, 21, 6, 17, 7, 1, 9, 12, 12, 8, 15, 5, 15, 12, 20, 1, 22, 7, 25, 20, 26, 16, 26, 18, 27, 19, 27, 22, 28, 11, 29, 8, 32, 24, 33, 13, 43, 15, 48, 9, 83, 13, 88, 16, 88, 24, 92, 26, 95, 13
45, 8, 9, 13, 2, 14, 8, 17, 0, 70, 40, 89, 24
45, 1, 1, 4, 3, 4, 13, 5, 8, 5, 15, 5, 17, 6, 10, 7, 10, 8, 18, 12, 12, 14, 2, 20, 12, 31, 8, 33, 7, 85, 13, 94, 13
46, 2, 17, 6, 12, 10, 20, 18, 20, 22, 24, 25, 28, 27, 32, 28, 23, 31, 21, 33, 30, 33, 31, 82, 11
46, 4, 1, 7, 0, 12, 19, 13, 20, 14, 20, 19, 22, 22, 25, 29, 24, 29, 31, 30, 25, 30, 33, 31, 33, 32, 21, 32, 30, 32, 31, 33, 9, 46, 10
46, 21, 23, 23, 25, 27, 33, 28, 32, 68, 10, 69, 10, 92, 16
46, 0, 5, 2, 3, 2, 16, 7, 2, 7, 15, 13, 9, 16, 11, 17, 14, 17, 15, 17, 16, 19, 21, 20, 21, 23, 20, 25, 10, 27, 21, 93, 11, 93, 12
46, 1, 0, 2, 12, 2, 13, 3, 13, 4, 19, 5, 9, 5, 16, 6, 13, 6, 14, 7, 13, 7, 14, 8, 3, 9, 19, 12, 11, 13, 10, 13, 15, 14, 9, 14, 10, 14, 13, 14, 16, 16, 12, 16, 14, 16, 15, 18, 19, 19, 4, 20, 17, 20, 19, 20, 20, 23, 8, 24, 22, 28, 18, 28, 19, 28, 21, 29, 18, 29, 25, 32, 13, 32, 22, 33, 21, 33, 23, 45, 11, 47, 9, 86, 13, 91, 23, 92, 12, 92, 24, 95, 12
46, 3, 12, 5, 13, 6, 11, 9, 0, 13, 1, 14, 5, 15, 9, 17, 11, 17, 17, 18, 12, 18, 13, 18, 14, 18, 17, 18, 18, 19, 10, 19, 14, 21, 13, 21, 14, 24, 26, 27, 11, 27, 18, 28, 12, 29, 19, 29, 20, 30, 18, 30, 20, 30, 24, 31, 22, 43, 10, 49, 9, 49, 10, 52, 9, 82, 13, 85, 16, 86, 11, 87, 16, 91, 16, 93, 23
46, 4, 18, 5, 14, 8, 1, 12, 7, 13, 14, 13, 17, 21, 21, 26, 0, 27, 20, 30, 19, 67, 40, 87, 13, 91, 12, 91, 13
46, 3, 4, 5, 10, 8, 2, 8, 20, 9, 8, 10, 12, 15, 13, 16, 6, 16, 16, 17, 7, 19, 12, 19, 19, 29, 12, 32, 6, 32, 8, 84, 13, 88, 11, 88, 13, 89, 13, 90, 16, 93, 13, 94, 12
46, 18, 36, 21, 39, 21, 42, 22, 43
47, 4, 12, 7, 17, 10, 21, 19, 17, 20, 11, 28, 17
47, 0, 6, 4, 11, 5, 11, 5, 12, 8, 13, 9, 1, 9, 17, 9, 20, 10, 19, 13, 21, 13, 22, 14, 15, 15, 15, 17, 12, 18, 8, 20, 5, 20, 13, 21, 25, 22, 26, 23, 21, 30, 23, 31, 25, 33, 8, 45, 10, 46, 11, 47, 10, 48, 10, 71, 10, 81, 11, 87, 12, 90, 11, 90, 24, 90, 26, 95, 36
47, 2, 14, 4, 20, 4, 21, 10, 8, 10, 9, 10, 10, 11, 13, 12, 14, 13, 19, 18, 15, 20, 18, 21, 16, 21, 20, 22, 23, 23, 26, 30, 13, 32, 5, 43, 9, 45, 24, 53, 9, 75, 10, 76, 11, 80, 11, 83, 11, 85, 11, 88, 12, 88, 17, 89, 11, 89, 12, 90, 27, 91, 24
47, 6, 15, 9, 2, 11, 6, 11, 21, 12, 9, 12, 20, 19, 18, 24, 18, 34, 7, 92, 22
47, 1, 15, 2, 19, 12, 4, 12, 13, 12, 16, 14, 14, 15, 16, 18, 11, 18, 16, 19, 11, 19, 16, 21, 19, 27, 17, 33, 6, 33, 20, 34, 8, 86, 12, 87, 11, 89, 16, 89, 23, 92, 13, 95, 16
47, 4, 2, 22, 38, 27, 40, 28, 33
47, 3, 2, 8, 15, 9, 18, 22, 21, 29, 17, 29, 23, 29, 32, 29, 39, 30, 32, 33, 29, 94, 26
47, 11, 19, 23, 23, 24, 17, 26, 40, 27, 30, 28, 30, 29, 33, 32, 25, 33, 22, 70, 10, 77, 11
47, 14, 1, 22, 20, 25, 16, 76, 10, 89, 26
48, 9, 3, 11, 10, 12, 10, 16, 17, 25, 18, 26, 10, 31, 13, 44, 11, 47, 11, 48, 11, 50, 10, 90, 23, 95, 24
48, 0, 2, 1, 3, 1, 13, 12, 17, 12, 21, 13, 13, 15, 14, 19, 15, 20, 14, 23, 16, 33, 19, 44, 10, 63, 10, 72, 10, 84, 12, 85, 12, 90, 12, 92, 25, 94, 23
48, 3, 19, 6, 16, 11, 11, 13, 0, 21, 11
48, 14, 21, 23, 27, 24, 31, 45, 9, 91, 36
48, 5, 22, 15, 19, 16, 19, 23, 9, 29, 3, 32, 32, 54, 9, 93, 16, 95, 26
48, 64, 94, 65, 95, 66, 89, 66, 90
48, 1, 14, 8, 17, 12, 15, 50, 9, 91, 25, 94, 17
48, 0, 15, 0, 16, 8, 14, 8, 16, 8, 21, 14, 17, 14, 19, 15, 17, 18, 3, 20, 15, 20, 24, 21, 15, 22, 22, 25, 17, 27, 9, 43, 11, 43, 14, 46, 9, 51, 9, 73, 10, 74, 10, 81, 12, 81, 13, 82, 12, 90, 25, 92, 36, 94, 27
48, 1, 16, 3, 21, 9, 16, 10, 13, 12, 22, 17, 20, 19, 23, 22, 13, 22, 14, 22, 27, 24, 10, 28, 2, 29, 26, 33, 25, 33, 26, 34, 14, 34, 22, 44, 9, 44, 14, 49, 11, 55, 9, 57, 12, 79, 11, 80, 12, 84, 16, 86, 16, 87, 26, 88, 23, 92, 17, 93, 22, 94, 25, 95, 27
49, 2, 6, 17, 36, 19, 42, 19, 44, 20, 38, 20, 39, 20, 43, 26, 38
49, 3, 6, 21, 26, 25, 33, 30, 29, 46, 25, 67, 10
49, 8, 22, 20, 32, 20, 41, 29, 29, 31, 26, 32, 33, 91, 17
49, 2, 21, 3, 23, 12, 23, 26, 28, 26, 29, 30, 17, 95, 28
49, 9, 22, 10, 18, 22, 17, 81, 10, 82, 10
49, 6, 22, 13, 18, 15, 18, 16, 20, 17, 18, 22, 18, 28, 29, 42, 25, 45, 25, 46, 24, 51, 10, 61, 9, 71, 11, 93, 36
49, 3, 20, 9, 13, 10, 22, 11, 8, 13, 23, 15, 3, 17, 21, 20, 25, 23, 15, 26, 27, 29, 13, 31, 29, 47, 14, 58, 12, 77, 10, 80, 10, 94, 22
49, 34, 19, 58, 9, 65, 10, 74, 11
49, 0, 14, 14, 18, 18, 21, 21, 17, 21, 18, 22, 15, 33, 14, 78, 11, 94, 16
49, 0, 4, 11, 7, 22, 16, 23, 22, 27, 10, 31, 18, 44, 24, 64, 10, 67, 12, 72, 11, 80, 13, 89, 17, 93, 17, 93, 26, 94, 36, 95, 25
50, 1, 6, 3, 27, 18, 43, 18, 44, 25, 34
50, 19, 26, 23, 31, 33, 34, 55, 12
50, 2, 22, 15, 26, 20, 27, 20, 37, 22, 12, 24, 34, 30, 4, 33, 33, 54, 12, 69, 11, 83, 16
50, 8, 23, 9, 23, 15, 22, 19, 24, 19, 27, 20, 26, 21, 7, 23, 13, 26, 34, 31, 34, 87, 23, 95, 33
50, 17, 1, 24, 29, 26, 11, 30, 26, 46, 26, 90, 36
50, 1, 17, 13, 25, 14, 22, 14, 25, 18, 25, 19, 5, 34, 25, 56, 12, 66, 12, 68, 12, 89, 36, 90, 17
50, 3, 22, 11, 22, 13, 24, 15, 20, 17, 19, 18, 24, 32, 29, 35, 7, 45, 14, 53, 12, 60, 12, 61, 12, 64, 11, 65, 11, 65, 12, 79, 10, 79, 13, 83, 10, 88, 26, 89, 27, 93, 24, 93, 27
50, 10, 7, 19, 9, 25, 15, 44, 15, 44, 21, 50, 12, 51, 11, 55, 10
50, 0, 3, 9, 14, 10, 17, 12, 18, 16, 5, 20, 10, 27, 16, 46, 14, 50, 11, 61, 10, 66, 10, 75, 11, 78, 13, 86, 10, 92, 18, 93, 25, 94, 24
50, 4, 23, 15, 25, 24, 15, 86, 26, 87, 17
51, 2, 24, 16, 26, 17, 25, 22, 32, 22, 33, 23, 30, 32, 34, 43, 29, 54, 11, 61, 11, 86, 41, 89, 22, 90, 32, 93, 10
51, 3, 25, 10, 1, 12, 24, 14, 26, 16, 24, 16, 25, 20, 31, 22, 28, 27, 29, 27, 34, 43, 25, 45, 26
51, 11, 18, 24, 28, 27, 27, 60, 9, 79, 12
51, 7, 22, 11, 15, 11, 17, 14, 24, 16, 18, 19, 25, 21, 27, 22, 31, 23, 28, 28, 27, 32, 18, 33, 18, 53, 10, 59, 12, 67, 11, 70, 11, 88, 36
51, 0, 18, 1, 19, 1, 20, 1, 21, 4, 24, 6, 23, 7, 23, 10, 23, 11, 23, 15, 27, 16, 21, 22, 11, 32, 26, 34, 15, 43, 20, 46, 15, 51, 12, 52, 11, 53, 11, 54, 10, 55, 11, 56, 10, 57, 9, 58, 10, 59, 11, 60, 11, 62, 11, 63, 11, 66, 11, 69, 12, 70, 12, 73, 12, 93, 18, 94, 32, 95, 22, 95, 32
51, 7, 24, 15, 21, 15, 24, 43, 24, 52, 12, 91, 18
51, 0, 20, 2, 20, 10, 16, 11, 16, 17, 6, 22, 10, 23, 10, 32, 14, 56, 9, 59, 9, 68, 11, 76, 12, 88, 22
51, 1, 18, 10, 15, 14, 0, 16, 3, 23, 11, 45, 15, 48, 15
51, 18, 41, 23, 14, 67, 91, 92, 33
52, 2, 23, 17, 2, 22, 4, 22, 8, 28, 16, 28, 28, 48, 12, 72, 12, 84, 10, 85, 10
52, 6, 24, 14, 23, 16, 22, 19, 7, 24, 11, 43, 16, 44, 25, 46, 12, 47, 26, 50, 15, 71, 12, 74, 12, 76, 27, 84, 17, 85, 23, 94, 10
52, 0, 19, 0, 26, 15, 2, 23, 12, 44, 16, 75, 13, 82, 16, 87, 27
52, 17, 23, 18, 4, 47, 12, 52, 10, 59, 10, 77, 12
52, 16, 4, 56, 11, 57, 10, 57, 11, 58, 11, 64, 12, 78, 12, 86, 17, 86, 23
52, 19, 6, 27, 12, 45, 16, 45, 21, 49, 15, 85, 26, 88, 27, 92, 32, 93, 32
52, 0, 28, 10, 3, 14, 27, 14, 28, 16, 46
52, 2, 26, 2, 27, 16, 23, 18, 27, 23, 33
52, 12, 26, 16, 27, 17, 22, 17, 24, 19, 28, 20, 28, 25, 11, 42, 11, 91, 32
52, 0, 22, 0, 27, 1, 24, 5, 23, 8, 24, 13, 26, 15, 23, 15, 28, 20, 30, 29, 28, 33, 27, 42, 29, 42, 30, 76, 13, 85, 41
53, 0, 25, 16, 0, 18, 5, 18, 22, 18, 23, 35, 8, 43, 28
53, 0, 13, 2, 28, 5, 25, 91, 37
53, 6, 26, 12, 27, 15, 29, 16, 45, 17, 39, 17, 42, 21, 36, 28, 38, 31, 38
53, 5, 26, 7, 25, 9, 24, 17, 28, 18, 28, 21, 32, 32, 28, 47, 25, 93, 37
53, 11, 24, 16, 28, 19, 35, 20, 33, 20, 36, 24, 35, 27, 28, 31, 27, 49, 14, 87, 22, 87, 36, 90, 37
53, 1, 26, 1, 27, 17, 27, 23, 29, 29, 27, 30, 27, 45, 12, 46, 21, 85, 17, 87, 10
53, 1, 25, 12, 0, 20, 7, 28, 34, 29, 34, 31, 28, 47, 15, 56, 15, 76, 26, 83, 26, 87, 32, 95, 10, 95, 31
54, 16, 37, 16, 44, 17, 35, 17, 41
54, 1, 28, 8, 25, 10, 24, 18, 35, 30, 38, 34, 20, 43, 30, 49, 12, 86, 32, 89, 18
54, 19, 29, 24, 12, 33, 5, 77, 26, 85, 36
54, 17, 5, 21, 31, 29, 16, 93, 14, 94, 28
54, 0, 24, 20, 9, 22, 30, 32, 27, 42, 28, 44, 26, 44, 29, 45, 20, 47, 21, 47, 24, 51, 15, 65, 9, 73, 13, 80, 16, 90, 10, 90, 18, 92, 21, 92, 37
54, 16, 2, 22, 9, 46, 16, 74, 13, 84, 23
55, 11, 27, 12, 28, 15, 45, 94, 37
55, 15, 30, 15, 42, 15, 44, 16, 39, 24, 14, 43, 43
55, 11, 25, 18, 29, 42, 31, 42, 44
55, 15, 1, 20, 29, 25, 37, 26, 6, 47, 16, 48, 16, 58, 15, 59, 15, 63, 9, 68, 9, 77, 27, 78, 16, 81, 16, 83, 17, 84, 26, 85, 22, 86, 40, 87, 40, 90, 21
55, 17, 4, 27, 1, 44, 28, 55, 15, 57, 15, 79, 16, 86, 22, 87, 25
55, 31, 17, 56, 16, 72, 13, 76, 25, 86, 27
56, 7, 26, 17, 29, 22, 29, 23, 36, 29, 10, 34, 31, 35, 22, 35, 25, 86, 36
56, 11, 26, 48, 25, 49, 16, 59, 16, 59, 44
56, 33, 35, 43, 12, 48, 21, 80, 26, 84, 27
56, 19, 31, 21, 29, 25, 14, 30, 14, 45, 29, 46, 20, 47, 20, 57, 16, 66, 15, 88, 10, 89, 37
56, 34, 24, 46, 29, 61, 15, 62, 15
56, 30, 16, 33, 15, 34, 18, 54, 15, 67, 15, 83, 23, 88, 18
56, 13, 43, 14, 43, 16, 29, 16, 40, 16, 42, 17, 31
56, 13, 42, 16, 38, 16, 41, 42, 43, 43, 44
57, 36, 7, 42, 20, 43, 27, 44, 12, 45, 19, 84, 36, 84, 41
57, 10, 25, 16, 1, 19, 30, 19, 32, 22, 36, 32, 38, 42, 14, 42, 27, 48, 8, 55, 16, 58, 16, 60, 16, 78, 26, 82, 25, 87, 18, 92, 28
57, 26, 12, 52, 15, 53, 15, 54, 16, 75, 26, 80, 23, 81, 26
57, 48, 22, 48, 23, 66, 9, 81, 17
57, 7, 27, 8, 27, 14, 44, 15, 37, 16, 30
57, 9, 26, 16, 31, 18, 30, 20, 35, 58, 44
58, 67, 9, 77, 16, 77, 25, 79, 26
58, 21, 30, 24, 4, 33, 17, 43, 19, 49, 21, 65, 25, 68, 15, 78, 23, 78, 27, 80, 22, 81, 22, 81, 23, 82, 17, 82, 23
58, 46, 27, 49, 23, 49, 24, 84, 22
58, 15, 38, 15, 39, 15, 40, 16, 32
58, 14, 41, 22, 34, 26, 37, 89, 21
58, 1, 29, 15, 41, 17, 32, 26, 35
58, 8, 26, 27, 13, 27, 36, 44, 27, 47, 29, 88, 31
58, 19, 34, 20, 34, 44, 19, 44, 30, 68, 13, 72, 9, 81, 27, 88, 37, 90, 31, 91, 28, 95, 29
59, 21, 35, 28, 36, 31, 4, 37, 25, 43, 42
59, 10, 26, 17, 30, 18, 31, 19, 33, 49, 22, 85, 40, 88, 21, 91, 10, 92, 14
59, 31, 35, 32, 15, 32, 35, 34, 28, 42, 24, 48, 26, 50, 21, 52, 21, 87, 37
59, 0, 40, 1, 36, 12, 41, 49, 91
59, 44, 17, 75, 16, 79, 17, 80, 24, 93, 28
59, 27, 14, 29, 14, 29, 15, 45, 27, 50, 24, 65, 15, 71, 13, 74, 16, 75, 25, 78, 17, 82, 22, 87, 31, 94, 31
60, 18, 32, 23, 34, 31, 37, 34, 16, 37, 22, 45, 17, 56, 25, 59, 43, 60, 44, 92, 31, 94, 19
60, 29, 35, 40, 11, 42, 42, 44, 31, 47, 27, 52, 24, 84, 40, 95, 21
60, 23, 5, 24, 6, 25, 7, 37, 8, 53, 16, 56, 24, 76, 16, 81, 25, 82, 27
60, 31, 16, 32, 17, 33, 12, 34, 17, 41, 25, 43, 17, 46, 19, 49, 25, 51, 14, 53, 21, 64, 15, 65, 22, 73, 16, 74, 26, 78, 24, 78, 25, 79, 24, 80, 41, 90, 28, 95, 19
60, 28, 14, 69, 15, 79, 22, 81, 24, 83, 36
61, 22, 1, 26, 36, 34, 23, 35, 19, 38, 25, 46, 30, 56, 44, 69, 13, 70, 13, 83, 25, 85, 31
61, 20, 0, 21, 34, 28, 37, 36, 25, 50, 22, 55, 21, 86, 37
61, 33, 16, 44, 34, 45, 28, 54, 21, 78, 22, 86, 18
61, 51, 24, 53, 22, 56, 23, 74, 15, 74, 25, 77, 23, 80, 27, 84, 18, 86, 31, 88, 28
61, 43, 18, 46, 28, 63, 15, 76, 24
62, 30, 15, 49, 20, 69, 16, 77, 15, 80, 32
62, 22, 35, 40, 31, 45, 18, 45, 30, 52, 25, 54, 20, 55, 22, 68, 16, 73, 15, 75, 27, 75, 32, 79, 27, 80, 31, 82, 24, 87, 21, 93, 19
62, 46, 17, 50, 16, 56, 21, 57, 17
62, 32, 36, 39, 11, 41, 42, 42, 41, 81, 41
62, 23, 35, 29, 36, 36, 22, 41, 11, 41, 28, 44, 18, 47, 8, 56, 22, 60, 43, 74, 32, 75, 24, 84, 25
62, 30, 9, 35, 11, 42, 19, 45, 8, 59, 30, 81, 36, 89, 39
63, 51, 22, 52, 22, 57, 31, 72, 15
63, 27, 7, 55, 25, 71, 16, 79, 42, 82, 41
63, 16, 33, 30, 37, 31, 15, 55, 44, 70, 9, 87, 14
63, 25, 35, 31, 36, 32, 37, 46, 8, 54, 17, 72, 43, 80, 42, 81, 42, 84, 37, 85, 37, 87, 28
63, 26, 13, 42, 34, 47, 19, 51, 23, 52, 23, 55, 24, 66, 16, 89, 38, 90, 38, 91, 14
63, 47, 28, 65, 26, 67, 16, 75, 15, 78, 31
64, 43, 45, 75, 45, 91, 93, 91, 94
64, 44, 43, 56, 42, 70, 45, 73, 9, 75, 9, 76, 42, 80, 44
64, 18, 33, 38, 28, 41, 34, 60, 42, 77, 42
64, 35, 13, 80, 36, 86, 39, 90, 19
64, 46, 18, 60, 25, 74, 24, 75, 17, 91, 20
64, 48, 19, 54, 22, 57, 24, 65, 16, 89, 14
64, 32, 16, 51, 26, 52, 16, 53, 23, 56, 17, 63, 22, 64, 22, 64, 25, 66, 26, 74, 31, 76, 23, 79, 31, 94, 20
65, 30, 36, 34, 30, 38, 8, 58, 43, 62, 22, 72, 45, 76, 43, 77, 41, 78, 41, 78, 42, 78, 43, 79, 43
65, 33, 37, 49, 8, 73, 45, 79, 15, 79, 35, 86, 28, 88, 39
65, 39, 25, 55, 26, 60, 31, 62, 16, 75, 23, 86, 21
65, 42, 17, 50, 20, 55, 17, 59, 17, 70, 26, 77, 31, 83, 40, 85, 21, 88, 14, 93, 20
65, 67, 22, 73, 26, 76, 17, 76, 32, 82, 32
66, 59, 42, 60, 22, 61, 22, 71, 42, 72, 27
66, 36, 11, 56, 26, 72, 44, 73, 44, 76, 41, 81, 43, 89, 19
66, 56, 14, 60, 24, 73, 31, 75, 44, 76, 44, 80, 43
66, 57, 25, 59, 21, 64, 16, 74, 17, 74, 23, 79, 21, 79, 36, 82, 21, 83, 18, 86, 15
66, 37, 7, 47, 18, 54, 23, 54, 24, 54, 44, 60, 23, 67, 21, 69, 26, 73, 17, 73, 25, 73, 32, 75, 31, 78, 35, 83, 37, 94, 29, 95, 20
66, 46, 31, 72, 46, 74, 44, 77, 45
67, 53, 25, 57, 30, 60, 17, 60, 26, 72, 42, 73, 27, 76, 21, 82, 31, 89, 20
67, 48, 29, 57, 23, 61, 24, 63, 16, 73, 23, 75, 21, 80, 35, 84, 21, 87, 38
67, 48, 27, 57, 20, 61, 23, 64, 21, 74, 27, 78, 21
67, 48, 50, 49, 50, 78, 45, 80, 40
67, 40, 28, 43, 41, 55, 42, 56, 43, 62, 44, 64, 43, 75, 42, 75, 43, 78, 44
67, 44, 42, 69, 45, 71, 46, 92, 30
68, 58, 20, 58, 22, 59, 22, 62, 21, 85, 28
68, 36, 28, 37, 28, 41, 40, 53, 14, 57, 35, 63, 44, 64, 44, 65, 13, 69, 44, 74, 43, 86, 25, 90, 14
68, 35, 28, 41, 14, 42, 8, 55, 14, 55, 41, 58, 41, 59, 41, 73, 42, 84, 39, 86, 38, 91, 29
68, 31, 11, 39, 28, 61, 30, 68, 24, 69, 25, 84, 15, 90, 20
68, 54, 26, 61, 21, 61, 25, 70, 22, 71, 22, 72, 17, 76, 28, 84, 28, 89, 30, 92, 29
69, 52, 26, 54, 34, 56, 40, 60, 41, 61, 42, 64, 42, 68, 23, 73, 46, 78, 15, 87, 30
69, 48, 31, 70, 27, 81, 28, 81, 37, 85, 39
69, 57, 43, 59, 23, 59, 26, 61, 31, 71, 27, 72, 24, 75, 35, 82, 18, 83, 21, 86, 14, 88, 20
69, 59, 24, 63, 13, 63, 26, 66, 13, 68, 22, 81, 18, 91, 30
70, 35, 10, 41, 46, 47, 89, 49, 49, 72, 41
70, 32, 10, 43, 40, 47, 34, 53, 34, 53, 41, 54, 41, 54, 42, 55, 30, 56, 29, 63, 43, 79, 18, 83, 28
70, 40, 25, 56, 30, 72, 23, 75, 41, 82, 37, 93, 30
70, 38, 11, 49, 19, 49, 27, 58, 24, 62, 43, 68, 17, 68, 21, 71, 21, 72, 31, 73, 21, 75, 30, 79, 40, 80, 28, 81, 15, 88, 30, 93, 29
70, 53, 26, 70, 23, 70, 25, 80, 18
71, 34, 27, 42, 39, 48, 34, 56, 18, 59, 13, 70, 42, 82, 40
71, 47, 91, 48, 18, 54, 14, 54, 18, 57, 26, 71, 31, 76, 30, 78, 18, 80, 30
71, 49, 30, 56, 35, 71, 24, 93, 15
71, 43, 35, 53, 8, 54, 8, 54, 19, 63, 25, 69, 24, 70, 21, 77, 35, 78, 40, 84, 38, 86, 30
71, 69, 22, 69, 27, 72, 21, 74, 30, 87, 20
72, 41, 8, 49, 31, 51, 27, 57, 18, 62, 17, 65, 17, 67, 17, 69, 21, 71, 32, 76, 35, 80, 15, 82, 28, 83, 30, 87, 29
72, 44, 35, 55, 18, 56, 19, 62, 31, 70, 24, 83, 15
72, 48, 28, 67, 27, 70, 41, 85, 38
72, 28, 1, 34, 3, 68, 45, 86, 9
72, 27, 0, 49, 17, 55, 40, 62, 25, 64, 13, 66, 44, 84, 30, 85, 30, 86, 19
72, 47, 40, 50, 31, 54, 30, 54, 35, 58, 14
73, 34, 36, 44, 40, 48, 48, 73, 41
73, 40, 14, 42, 21, 44, 95, 47, 95, 50, 30, 52, 34, 53, 35, 53, 43, 54, 40, 55, 35, 57, 19, 69, 42, 73, 30, 74, 41, 77, 14, 81, 30
73, 47, 92, 66, 27, 67, 20, 69, 31, 69, 41, 70, 30, 76, 46, 77, 40, 79, 37
73, 42, 36, 49, 29, 53, 30, 55, 27, 57, 29, 59, 14, 59, 27, 60, 29, 64, 17, 64, 31, 75, 36, 77, 28
74, 41, 41, 42, 95, 44, 45, 47, 47, 49, 18
74, 39, 22, 40, 34, 61, 27, 61, 29, 64, 30, 67, 44
74, 39, 34, 47, 35, 47, 41, 50, 18, 56, 39, 58, 27, 62, 42, 68, 41, 71, 30, 76, 40
74, 44, 22, 50, 19, 51, 31, 53, 18, 54, 27, 65, 27, 83, 38
74, 54, 31, 63, 17, 63, 31, 64, 20, 66, 17, 72, 30
74, 62, 30, 66, 20, 75, 28, 82, 15, 86, 20
75, 23, 3, 36, 19, 37, 31, 45, 22, 49, 13, 49, 28, 50, 34, 53, 40, 54, 29, 72, 28, 76, 36, 78, 28, 82, 30
75, 42, 37, 51, 30, 52, 30, 59, 18, 59, 19, 61, 20, 75, 18, 79, 30, 87, 24
75, 35, 14, 40, 8, 46, 22, 49, 46, 60, 27, 63, 27, 85, 19
75, 50, 29, 53, 29, 59, 29, 62, 20, 62, 27, 77, 18, 80, 29
75, 57, 39, 58, 29, 63, 20, 84, 19
75, 43, 6, 63, 51, 64, 51, 66, 50
76, 41, 95, 42, 38, 55, 29, 69, 46, 87, 15
76, 48, 44, 61, 13, 71, 20, 73, 28, 79, 28, 83, 39
76, 37, 19, 47, 94, 48, 35, 50, 17, 52, 41, 58, 19, 75, 40
76, 52, 27, 75, 29, 79, 20, 85, 20
76, 51, 34, 64, 27, 81, 20, 84, 20
76, 37, 90, 39, 92, 72, 47, 77, 9
76, 39, 95, 46, 49, 47, 48, 87, 90
77, 51, 44, 52, 17, 56, 27, 57, 27, 65, 30, 72, 18, 78, 20
77, 52, 18, 52, 19, 67, 30, 75, 37, 76, 18, 76, 20, 77, 30, 83, 29
77, 65, 31, 68, 14, 82, 20, 83, 19
77, 34, 26, 40, 22, 40, 94, 43, 36, 44, 93, 52, 43, 66, 41, 72, 29, 81, 29
77, 43, 39, 51, 29, 53, 28, 56, 8, 69, 32
78, 39, 93, 48, 94, 65, 49, 66, 46, 71, 47, 73, 47
78, 28, 8, 34, 34, 38, 34, 40, 95, 41, 37, 50, 28, 67, 41, 80, 39, 83, 14
78, 44, 94, 52, 29, 56, 28, 61, 28, 68, 31, 70, 20, 71, 29, 75, 20
78, 38, 14, 41, 22, 51, 17, 51, 18, 52, 42, 54, 28, 57, 28, 67, 24, 68, 20, 73, 18, 74, 18, 74, 28, 80, 19, 81, 19, 88, 15
79, 39, 94, 40, 90, 55, 39, 56, 36, 61, 41, 67, 46, 72, 48, 76, 37
79, 42, 90, 44, 87, 59, 28, 68, 46
79, 28, 9, 44, 92, 55, 28, 62, 24, 66, 30, 66, 31, 67, 45, 82, 19, 82, 29
79, 38, 95, 44, 36, 48, 40, 48, 41, 60, 18, 60, 19, 61, 19, 68, 30, 69, 30, 70, 29, 71, 18, 74, 29, 79, 19, 81, 39
80, 42, 89, 44, 39, 48, 46, 49, 44, 50, 44, 54, 39
80, 34, 12, 48, 43, 54, 36, 62, 28, 69, 28, 80, 38
80, 41, 89, 42, 91, 43, 91, 43, 92, 46, 48
81, 21, 0, 56, 38, 67, 18, 67, 31, 78, 39, 79, 39, 81, 38, 82, 39
81, 38, 19, 48, 36, 51, 41, 78, 29
81, 62, 29, 68, 28, 69, 20, 72, 19
81, 37, 34, 37, 93, 40, 91, 41, 90, 41, 91, 47, 6, 47, 39, 48, 45, 49, 35, 64, 41, 67, 28, 77, 39
82, 42, 16, 55, 45, 62, 18, 63, 18, 63, 28, 67, 29
82, 63, 41, 67, 42, 67, 47, 70, 47
82, 37, 95, 40, 89, 44, 86, 47, 23, 65, 47, 66, 47, 85, 14
82, 38, 90, 68, 32, 71, 48, 75, 38
82, 55, 50, 64, 29, 66, 28, 77, 19
82, 43, 23, 50, 13, 56, 50, 62, 19, 65, 28, 66, 18, 68, 18, 68, 29, 71, 19, 82, 38
82, 42, 94, 53, 39, 56, 37, 78, 38, 89, 15
83, 39, 89, 40, 88, 43, 87, 66, 48
83, 37, 14, 43, 90, 44, 46, 49, 43, 50, 40, 51, 40, 60, 13, 82, 14
83, 49, 41, 65, 19, 75, 19, 76, 39, 81, 14
84, 38, 85, 38, 86, 42, 84, 43, 86
84, 47, 37, 56, 13, 68, 47, 85, 15
84, 44, 88, 44, 89, 60, 14, 62, 23
84, 63, 29, 64, 28, 70, 19, 79, 14
85, 41, 86, 42, 23, 48, 37, 69, 47
85, 36, 34, 43, 38, 50, 35, 50, 43, 76, 38
85, 41, 92, 48, 87, 49, 86, 67, 48
86, 40, 85, 41, 85, 44, 85, 69, 48
86, 38, 89, 39, 19, 39, 87, 40, 86, 42, 85, 55, 38, 68, 48
87, 40, 84, 42, 83, 42, 93, 43, 84
87, 46, 44, 47, 38, 49, 37, 50, 42
88, 48, 42, 50, 37, 50, 39, 92, 15
89, 36, 14, 39, 88, 41, 19, 44, 83, 47, 13, 53, 38
92, 70, 14, 75, 14, 78, 14, 83, 24
99, 36, 33, 51, 13, 66, 43, 70, 43
99, 86, 55, 90, 56, 91, 56, 92, 57
100, 1, 80, 1, 82, 4, 89, 14, 95
101, 0, 85, 0, 86, 1, 85, 4, 85, 4, 90, 15, 93, 15, 94, 93, 55, 95, 57
102, 1, 86, 2, 86, 3, 86, 14, 58, 87, 57, 93, 52
102, 2, 92, 4, 82, 15, 92, 94, 52
103, 0, 84, 0, 87, 3, 84, 4, 80, 4, 83, 4, 91, 15, 88, 88, 52, 89, 51, 89, 56, 90, 57, 92, 46, 93, 56, 94, 57
103, 2, 84, 2, 85, 16, 66, 90, 52
103, 5, 88, 85, 56, 89, 57, 92, 52
103, 1, 78, 1, 87, 3, 92, 14, 88, 85, 55, 85, 57
104, 4, 81, 15, 87, 16, 86, 63, 95, 88, 56, 88, 57
104, 3, 85, 4, 84, 11, 87, 11, 90, 13, 49, 94, 56
105, 5, 89, 10, 90, 15, 85, 31, 41, 91, 52
105, 16, 93, 90, 41, 91, 46, 94, 51
106, 15, 95, 22, 45, 25, 61, 93, 58
106, 0, 82, 5, 84, 5, 90, 10, 89, 88, 42, 93, 46, 95, 51, 95, 58
107, 20, 66, 21, 65, 22, 60, 26, 43, 84, 55, 87, 52, 89, 46, 92, 42, 92, 45, 92, 47, 95, 46
107, 18, 68, 21, 61, 23, 46, 29, 42, 32, 42, 86, 52
107, 4, 79, 5, 79, 13, 94, 13, 95, 90, 42
107, 3, 58, 17, 82, 17, 83, 17, 86, 17, 92, 21, 64
108, 5, 82, 13, 69, 84, 56, 91, 41, 92, 51
108, 20, 67, 20, 68, 22, 64, 29, 58, 30, 43, 88, 51, 91, 51, 92, 44, 95, 42
108, 21, 46, 21, 66, 27, 43, 28, 42, 31, 42, 31, 43, 92, 43, 93, 43
109, 21, 60, 23, 58, 29, 55, 83, 57
109, 12, 61, 16, 65, 17, 87, 20, 62, 24, 44
109, 4, 68, 13, 60, 18, 69, 23, 45, 24, 45, 24, 58, 25, 45, 29, 43, 31, 54, 94, 42, 95, 43
109, 19, 68, 22, 59, 24, 57, 26, 44, 27, 45, 30, 53
109, 26, 45, 89, 45, 91, 45, 91, 47
109, 28, 43, 28, 44, 29, 44, 93, 44, 93, 45, 93, 47, 94, 46
110, 21, 47, 22, 58, 28, 55, 30, 45, 32, 44
110, 4, 70, 16, 64, 17, 55, 19, 47, 21, 59, 24, 46, 25, 62, 26, 50, 29, 45, 93, 41, 94, 44
110, 2, 59, 4, 59, 4, 67, 13, 61, 18, 62, 24, 56, 25, 44, 30, 54
111, 3, 59, 13, 57, 17, 65, 20, 60, 24, 51, 28, 45
111, 7, 68, 12, 59, 12, 60, 18, 63, 33, 42
111, 12, 62, 23, 57, 31, 44, 94, 43
111, 9, 89, 11, 63, 11, 64, 83, 56, 94, 45, 94, 47
112, 19, 62, 20, 47, 20, 65, 25, 56, 30, 55, 33, 57, 82, 57
112, 2, 69, 13, 58, 22, 65, 32, 41, 33, 40, 87, 51, 88, 45, 88, 46, 95, 47
112, 17, 63, 19, 61, 21, 58, 31, 45
112, 12, 63, 14, 68, 91, 43, 91, 53
113, 4, 78, 7, 67, 15, 74, 17, 64, 18, 53, 25, 50, 27, 46
113, 22, 47, 22, 57, 24, 50, 28, 46, 29, 46, 31, 53, 82, 56
113, 6, 89, 10, 79, 17, 52, 92, 40
113, 4, 66, 23, 64, 25, 46, 26, 57, 26, 61, 28, 54, 78, 57
113, 3, 40, 19, 53, 20, 54, 27, 55, 32, 54, 80, 57
114, 14, 62, 17, 69, 81, 56, 88, 54
114, 0, 56, 19, 52, 19, 55, 25, 51, 26, 56, 27, 56, 32, 53, 82, 55, 85, 52, 86, 45
114, 2, 60, 4, 65, 11, 62, 12, 58, 13, 68, 18, 54, 19, 60, 20, 53, 89, 47
114, 3, 60, 18, 55, 30, 52, 88, 50, 89, 50
115, 4, 60, 11, 61, 18, 48, 23, 62, 27, 54, 78, 56, 79, 57
115, 0, 57, 10, 80, 21, 52, 21, 54, 21, 57, 25, 57, 27, 49, 81, 55
115, 2, 79, 10, 64, 21, 53, 26, 49
115, 12, 70, 13, 88, 20, 52, 23, 47, 87, 45, 90, 50
116, 0, 55, 1, 62, 1, 63, 3, 67, 24, 52, 84, 44, 90, 54, 93, 50
116, 4, 64, 7, 66, 13, 62, 20, 59
117, 1, 52, 11, 59, 12, 57, 19, 48, 23, 52, 78, 55, 79, 56
117, 22, 51, 28, 47, 46, 56, 80, 56, 85, 45, 87, 46
117, 1, 64, 7, 65, 7, 83, 8, 79, 10, 63, 10, 65, 17, 62, 22, 52, 23, 50, 24, 47, 25, 49
117, 6, 84, 18, 61, 24, 49, 91, 50, 95, 50
117, 6, 91, 11, 65, 16, 59, 21, 68, 92, 50
118, 1, 61, 11, 60, 19, 66, 20, 58, 27, 47, 27, 48, 28, 48, 88, 47
118, 8, 82, 17, 66, 20, 48, 23, 56, 28, 49, 33, 43, 41, 53, 80, 55, 87, 58
118, 1, 53, 12, 64, 18, 52, 33, 44, 51, 56, 84, 52
119, 0, 50, 0, 51, 34, 42, 77, 57
119, 13, 63, 21, 48, 21, 51, 25, 52, 28, 50, 29, 59, 32, 45, 54, 54, 75, 57, 76, 57, 77, 56
119, 3, 61, 13, 67, 28, 53, 31, 46, 33, 45, 75, 56, 76, 56
119, 2, 61, 2, 66, 3, 65, 8, 69, 88, 53
119, 0, 68, 0, 77, 1, 67, 2, 63, 12, 75, 25, 47, 26, 51, 93, 48
120, 8, 68, 18, 60, 20, 51, 22, 56, 29, 47, 48, 56, 52, 55, 78, 54, 86, 46
120, 0, 54, 2, 64, 6, 79, 8, 66, 10, 62, 24, 48, 94, 48
120, 4, 61, 7, 63, 13, 64, 20, 57, 22, 48
121, 27, 53, 28, 60, 45, 56, 49, 55, 49, 56
121, 7, 61, 10, 66, 17, 60, 19, 51, 19, 59, 29, 52, 56, 56, 74, 56, 79, 54, 85, 51
121, 0, 52, 1, 66, 7, 87, 9, 65, 9, 66, 82, 45, 89, 53, 93, 40
121, 1, 69, 8, 67, 8, 90, 9, 78, 11, 67, 18, 49, 25, 48
122, 3, 63, 7, 57, 16, 60, 19, 49, 20, 50, 20, 56, 21, 55, 22, 49, 29, 48, 50, 55, 53, 55, 77, 54, 79, 51, 83, 51
122, 15, 75, 16, 62, 17, 61, 18, 91, 26, 53, 42, 52, 75, 55
122, 8, 87, 10, 70, 13, 66, 94, 49
123, 1, 54, 7, 58, 10, 60, 17, 59, 19, 50, 27, 51, 51, 54
123, 21, 56, 21, 67, 30, 47, 32, 46, 45, 55, 46, 57, 78, 51, 79, 52
123, 0, 53, 0, 66, 8, 88, 89, 54
123, 6, 78, 9, 81, 12, 68, 12, 77, 16, 61, 18, 58, 23, 53, 24, 61, 30, 49, 85, 44, 91, 48
123, 7, 91, 8, 80, 10, 67, 10, 68, 92, 48, 94, 53
124, 3, 62, 9, 69, 11, 69, 80, 51, 84, 45, 86, 47, 87, 47, 93, 49
124, 2, 83, 7, 60, 11, 70, 26, 52, 88, 48
124, 10, 59, 11, 57, 12, 76, 18, 50, 21, 50, 23, 55, 27, 57, 29, 50, 31, 51, 35, 42, 73, 56
125, 7, 90, 8, 89, 10, 69, 95, 48
125, 12, 67, 22, 55, 54, 55, 55, 56
125, 23, 60, 30, 51, 42, 53, 86, 50
125, 7, 59, 8, 64, 9, 68, 12, 65, 12, 88
125, 1, 70, 7, 88, 9, 67, 89, 43, 89, 49
126, 36, 45, 54, 53, 58, 56, 88, 58
126, 8, 52, 9, 70, 23, 54, 28, 51, 30, 50, 32, 50, 56, 54, 72, 56, 73, 54, 74, 51, 80, 54, 84, 50
126, 34, 45, 59, 56, 74, 54, 77, 51, 80, 50
127, 8, 58, 8, 59, 10, 57, 37, 48, 57, 54, 83, 46
127, 31, 47, 44, 55, 81, 50, 82, 54
127, 9, 62, 10, 58, 18, 51, 21, 49, 36, 42, 73, 51
127, 8, 60, 8, 61, 27, 52, 81, 46, 85, 50, 87, 49
128, 4, 72, 55, 55, 73, 55, 82, 50
128, 12, 71, 59, 55, 71, 56, 77, 50
128, 7, 43, 30, 48, 75, 51, 83, 50, 86, 43, 86, 48, 88, 43
129, 32, 48, 36, 39, 83, 54, 86, 49
129, 9, 58, 32, 56, 37, 42, 72, 55
134, 0, 76, 18, 65, 85, 48, 85, 54
135, 58, 57, 67, 55, 70, 54, 70, 55
156, 1, 73, 3, 76, 9, 72, 10, 71, 21, 63
183, 23, 83, 24, 88, 36, 75, 88, 68
183, 34, 63, 36, 61, 41, 61, 56, 72
186, 31, 78, 75, 68, 82, 74, 84, 73
189, 35, 67, 38, 74, 42, 63, 94, 63
189, 26, 86, 27, 71, 29, 71, 30, 76, 41, 62, 89, 63
191, 25, 69, 26, 88, 37, 70, 75, 66, 77, 67, 87, 67
192, 29, 76, 30, 72, 34, 76, 91, 68
192, 36, 78, 65, 73, 73, 70, 79, 71
195, 24, 73, 27, 83, 31, 70, 35, 76, 38, 69, 48, 73
195, 20, 93, 23, 84, 39, 69, 77, 62, 92, 65, 94, 62
198, 36, 73, 39, 73, 40, 70, 65, 72
198, 40, 73, 59, 65, 73, 71, 82, 73
198, 34, 77, 55, 73, 68, 65, 73, 69, 92, 64
199, 36, 72, 39, 63, 41, 68, 57, 66, 68, 71
200, 37, 61, 37, 65, 66, 74, 71, 69
201, 34, 72, 44, 71, 52, 67, 54, 66
201, 23, 81, 34, 69, 35, 63, 84, 72
201, 42, 62, 58, 63, 70, 69, 80, 62
202, 25, 80, 32, 77, 39, 74, 85, 62, 89, 68
202, 38, 61, 67, 70, 71, 62, 83, 64
203, 23, 77, 48, 64, 63, 62, 77, 63
204, 43, 72, 52, 73, 64, 63, 70, 70
204, 23, 89, 38, 64, 43, 64, 49, 69, 54, 70, 76, 69
205, 22, 81, 23, 80, 30, 64, 43, 61, 76, 70, 79, 70
205, 30, 74, 30, 75, 38, 73, 77, 61, 79, 69, 87, 68
206, 26, 85, 32, 73, 54, 67, 66, 63, 78, 68
207, 22, 77, 36, 74, 50, 74, 78, 63, 82, 65, 92, 69, 93, 62
207, 54, 71, 61, 64, 81, 71, 83, 67
208, 25, 82, 47, 70, 56, 66, 67, 71
208, 28, 70, 43, 71, 60, 62, 86, 67
209, 28, 67, 33, 65, 49, 68, 54, 60, 82, 62
209, 32, 65, 37, 74, 39, 68, 43, 66, 49, 74, 56, 68, 57, 65
210, 32, 75, 62, 64, 89, 66, 91, 70
210, 20, 85, 46, 65, 49, 66, 82, 69
212, 35, 66, 36, 67, 46, 62, 85, 63, 86, 62, 88, 64, 90, 70, 91, 66, 93, 72
212, 33, 70, 34, 66, 43, 70, 45, 64
212, 25, 76, 25, 83, 28, 77, 40, 72, 49, 73, 51, 64, 80, 64
214, 35, 73, 39, 67, 57, 69, 65, 61
214, 29, 75, 33, 73, 37, 69, 43, 63, 45, 63, 51, 71, 65, 64, 89, 62
215, 31, 72, 32, 72, 38, 65, 45, 66, 47, 64, 68, 64, 78, 62, 84, 71
216, 41, 69, 43, 69, 52, 63, 54, 64, 60, 65
216, 26, 76, 29, 77, 30, 71, 43, 68, 58, 64, 87, 69
217, 27, 76, 40, 68, 56, 70, 90, 62, 93, 71
218, 27, 70, 27, 73, 29, 74, 93, 70
219, 43, 62, 68, 63, 80, 65, 93, 63
220, 42, 68, 50, 70, 67, 62, 92, 62
221, 41, 60, 44, 65, 45, 69, 53, 67, 66, 65
223, 34, 70, 50, 67, 53, 66, 60, 64, 61, 61, 73, 62
226, 52, 64, 54, 62, 62, 63, 63, 64
