39, 0, 5, 2, 7, 4, 4, 6, 4
39, 5, 3, 6, 6, 7, 4, 7, 5
40, 3, 9, 5, 5, 7, 6, 7, 7, 8, 7, 8, 8
41, 4, 10, 5, 4, 9, 6, 9, 12, 10, 9
41, 0, 6, 9, 8, 10, 6, 12, 10
42, 0, 4, 6, 10, 11, 7, 93, 10
42, 1, 7, 3, 10, 4, 21, 5, 10, 11, 8, 13, 11, 14, 11
42, 0, 14, 0, 21, 0, 22, 0, 24, 5, 24, 5, 26, 6, 26, 7, 8, 8, 12, 11, 9, 12, 8
43, 0, 20, 3, 21, 4, 11, 5, 22, 6, 22, 7, 23, 8, 13, 69, 23
43, 2, 15, 3, 19, 6, 19, 80, 12, 81, 11
43, 0, 7, 0, 12, 0, 18, 9, 5, 11, 13, 12, 7, 14, 14, 86, 10
43, 3, 20, 4, 20, 4, 22, 4, 23, 5, 11, 7, 26, 13, 8, 72, 22, 85, 11
43, 0, 15, 1, 15, 4, 24, 5, 17, 6, 20, 6, 21, 6, 27, 7, 11, 8, 11, 9, 13, 12, 9, 83, 12, 84, 10, 93, 11, 95, 11
44, 3, 42, 5, 42, 81, 24, 92, 10
44, 1, 14, 2, 40, 2, 43, 2, 44, 3, 40, 3, 43, 4, 39, 4, 40, 7, 19, 7, 22, 8, 19, 14, 9, 69, 24
44, 0, 19, 2, 27, 6, 31, 9, 20, 10, 32, 12, 14
44, 0, 17, 0, 25, 1, 21, 1, 24, 3, 22, 4, 26, 7, 20, 80, 23, 84, 12, 90, 10, 95, 12
44, 1, 22, 4, 27, 5, 33, 6, 25, 8, 21, 8, 23, 8, 26, 9, 26, 70, 26, 76, 35, 80, 11, 87, 10, 89, 12, 93, 12
44, 1, 26, 5, 27, 6, 23, 6, 24, 7, 21, 10, 13, 13, 9, 71, 22, 71, 25, 77, 10, 89, 10
45, 1, 44, 68, 24, 70, 35, 72, 35
45, 1, 19, 1, 41, 1, 42, 3, 39, 5, 41, 6, 33, 9, 19, 11, 31, 28, 9, 69, 12, 91, 12
45, 11, 25, 73, 22, 76, 22, 78, 10, 81, 25, 87, 11
45, 1, 25, 5, 30, 6, 12, 7, 27, 8, 22
45, 0, 16, 0, 26, 2, 19, 2, 22, 3, 16, 4, 19, 5, 32, 6, 18, 9, 23, 10, 20, 11, 20, 11, 21, 29, 10, 68, 23, 70, 25, 71, 35, 74, 10, 80, 24, 86, 11, 88, 10, 91, 11, 93, 13, 94, 12
45, 1, 12, 1, 20, 1, 27, 3, 25, 3, 26, 4, 28, 5, 28, 8, 25, 8, 27, 10, 12, 11, 24, 12, 13, 13, 21, 71, 26, 72, 25, 76, 12, 79, 10, 79, 12, 80, 10, 80, 22, 81, 10
45, 1, 18, 2, 26, 5, 19, 6, 11, 7, 24, 13, 14, 24, 12, 25, 12, 27, 12, 91, 10, 92, 12
45, 2, 10, 3, 7, 3, 11, 6, 17, 6, 32, 8, 20, 10, 23, 11, 14, 12, 21, 13, 25, 23, 12, 76, 10, 78, 22, 88, 11, 89, 11
46, 7, 40, 62, 10, 66, 11, 70, 23, 82, 13
46, 0, 39, 0, 40, 1, 39, 1, 40, 2, 39, 6, 40, 6, 41, 8, 33, 10, 25, 11, 34, 67, 12, 69, 25, 70, 12, 85, 13, 86, 9
46, 3, 17, 5, 39, 9, 24, 72, 24, 77, 32
46, 10, 31, 14, 8, 60, 10, 71, 21, 73, 10, 90, 11
46, 0, 38, 2, 23, 5, 31, 6, 2, 7, 33, 8, 32, 9, 21, 9, 22, 10, 14, 10, 34, 12, 23, 12, 24, 24, 10, 28, 10, 30, 10, 50, 10, 59, 10, 61, 10, 69, 35, 70, 24, 71, 10, 73, 35, 76, 11, 77, 12, 79, 11, 79, 23, 80, 13, 81, 23, 85, 12, 87, 9, 90, 12
46, 2, 17, 2, 21, 2, 28, 3, 23, 3, 28, 4, 16, 7, 18, 7, 41, 8, 4, 9, 25, 9, 32, 11, 23, 11, 32, 12, 32, 52, 10, 54, 10, 56, 10, 65, 10, 65, 12, 66, 10, 68, 15, 69, 22, 71, 23, 75, 10, 75, 22, 77, 23, 78, 11, 78, 12, 79, 22, 81, 13, 81, 16, 82, 25, 91, 13
46, 9, 14, 13, 33, 23, 15, 67, 10, 81, 26
46, 2, 16, 2, 25, 10, 19, 11, 22, 12, 22, 13, 22, 26, 10, 70, 22, 72, 10, 73, 11, 90, 13
46, 1, 17, 2, 20, 8, 24, 10, 24, 12, 25, 13, 31, 13, 32, 25, 10, 26, 12, 27, 11, 28, 11, 72, 23, 75, 12, 77, 11
47, 9, 18, 71, 11, 76, 23, 80, 25, 80, 32, 81, 22
47, 1, 38, 6, 28, 9, 40, 10, 33, 13, 20, 26, 11, 28, 12, 29, 11, 53, 10, 57, 10, 60, 11, 63, 10, 68, 11, 68, 22, 69, 10, 71, 13, 71, 24, 72, 12, 72, 21, 74, 35, 75, 11, 78, 23, 83, 13, 84, 13, 87, 16, 95, 13
47, 3, 15, 4, 8, 6, 30, 7, 13, 7, 34, 8, 34, 9, 27, 9, 33, 10, 26, 11, 19, 11, 26, 12, 31, 14, 10, 24, 11, 46, 10, 63, 11, 63, 12, 64, 11, 64, 15, 69, 11, 69, 15, 70, 11, 73, 25, 74, 22, 74, 25, 75, 26, 76, 32, 80, 16, 86, 16, 87, 22, 88, 13
47, 9, 31, 10, 10, 13, 7, 25, 11, 61, 11, 70, 21, 74, 12, 82, 22, 86, 12, 88, 12, 92, 13
47, 0, 8, 13, 15, 23, 11, 47, 10, 48, 10, 49, 10, 51, 10, 55, 10, 58, 10, 62, 11, 65, 11, 66, 12, 67, 15, 68, 10, 74, 11, 83, 22, 87, 12, 94, 13
47, 4, 17, 8, 18, 72, 11, 82, 16
47, 0, 41, 5, 29, 10, 40, 12, 26, 60, 12, 68, 25, 71, 12, 75, 25, 81, 32
47, 0, 42, 4, 38, 13, 27, 82, 26
48, 0, 27, 13, 23, 31, 10, 61, 12, 74, 26, 79, 13, 79, 24, 89, 13
48, 4, 18, 4, 32, 4, 33, 8, 31, 11, 33, 27, 15, 32, 9, 59, 11, 62, 12, 64, 10, 66, 15, 67, 11, 67, 16, 68, 16, 70, 10, 75, 23, 80, 26, 86, 13
48, 1, 13, 12, 34, 74, 16, 79, 32
48, 11, 30, 11, 40, 13, 19, 73, 26, 78, 32
48, 6, 39, 81, 31, 83, 26, 86, 22
48, 4, 31, 5, 12, 6, 34, 27, 9
48, 1, 28, 7, 28, 7, 31, 42, 10, 70, 15, 71, 14, 75, 35, 76, 25, 77, 26, 78, 16, 79, 15
48, 10, 18, 24, 15, 32, 12, 33, 9, 37, 12, 43, 10, 43, 12, 65, 15, 67, 25, 69, 16, 69, 26, 70, 16, 75, 24, 76, 24, 76, 31, 77, 13, 77, 31, 80, 15, 81, 15, 88, 9
49, 72, 32, 73, 32, 74, 32, 82, 31
49, 8, 14, 8, 41, 11, 27, 80, 31
49, 45, 12, 48, 12, 64, 25, 66, 16, 73, 21, 78, 26
49, 6, 29, 66, 25, 78, 31, 85, 22
49, 1, 2, 1, 5, 2, 32, 2, 38, 3, 32, 7, 17, 10, 30, 14, 23, 22, 12, 29, 9, 30, 11, 72, 13, 76, 16, 78, 13, 89, 9
49, 0, 29, 6, 16, 10, 27, 12, 15, 32, 10, 34, 9, 47, 12, 56, 11, 63, 13, 65, 25, 75, 16, 79, 26, 83, 16, 84, 25, 85, 25, 86, 25, 89, 16
49, 0, 28, 68, 35, 73, 23, 74, 23, 74, 24, 77, 16, 85, 16
49, 1, 11, 3, 14, 8, 28, 8, 30, 12, 6, 12, 33, 13, 26, 14, 20, 23, 16, 30, 9, 30, 12, 33, 12, 38, 12, 39, 10, 40, 10, 42, 12, 45, 10, 46, 12, 71, 15, 72, 15, 72, 16, 73, 24, 77, 25, 78, 15, 79, 25
49, 1, 10, 44, 10, 71, 16, 73, 16, 75, 15
50, 7, 39, 36, 11, 63, 25, 74, 31, 75, 32, 92, 24, 93, 16
50, 1, 29, 3, 33, 4, 12, 12, 30, 48, 11, 57, 11, 59, 12, 67, 26, 68, 26, 69, 31, 73, 15, 76, 15, 77, 21, 79, 21, 84, 26, 93, 22, 93, 23, 94, 23
50, 2, 33, 23, 21, 24, 16, 29, 12, 35, 10, 42, 11, 45, 11, 50, 11, 52, 11, 52, 12, 53, 12, 55, 11, 65, 22, 78, 24, 84, 16, 86, 26, 87, 25, 89, 24, 92, 22, 95, 16
50, 2, 29, 9, 30, 12, 19, 36, 12, 41, 12, 74, 15, 88, 22
50, 0, 11, 15, 8, 25, 15, 33, 10, 34, 10, 38, 10, 39, 11, 39, 12, 40, 12, 44, 11, 51, 11, 70, 13, 72, 17, 77, 15, 77, 24, 78, 21, 78, 25, 84, 15, 84, 22, 88, 16, 88, 23, 92, 16, 95, 22
50, 0, 10, 6, 13, 28, 15, 36, 10, 44, 12, 47, 11
51, 7, 3, 68, 32, 71, 36, 72, 36
51, 0, 37, 8, 39, 13, 35, 66, 40, 73, 36, 86, 17, 88, 25, 94, 24
51, 2, 34, 11, 15, 11, 35, 14, 34, 26, 16, 88, 26, 92, 25, 95, 24
51, 4, 15, 8, 17, 8, 35, 9, 28, 9, 29, 12, 27, 32, 11, 40, 9, 55, 12, 65, 16, 75, 31, 80, 21, 85, 15, 89, 25, 90, 25, 92, 23, 95, 23
51, 3, 31, 12, 35, 13, 34, 25, 16, 26, 25, 35, 11, 35, 13, 49, 11, 49, 12, 51, 12, 66, 26, 73, 17, 74, 17, 75, 17, 75, 27, 76, 13, 76, 30, 81, 21, 89, 26, 90, 24, 91, 24
51, 14, 26, 35, 9, 68, 21, 89, 23
51, 4, 34, 8, 9, 14, 15, 34, 11, 38, 9, 46, 11, 94, 22
51, 25, 26, 29, 15, 30, 15, 33, 11, 34, 12, 37, 9, 37, 10, 37, 11, 38, 11, 40, 11, 41, 11, 43, 11, 54, 12, 56, 26, 57, 12, 58, 12, 70, 31, 76, 21, 94, 16
52, 7, 29, 7, 30, 24, 21, 64, 16, 68, 13, 86, 15, 87, 15, 87, 21
52, 5, 35, 6, 35, 11, 29, 23, 25, 50, 12, 51, 9, 64, 26, 66, 22, 82, 17, 86, 21, 88, 24, 90, 22
52, 26, 9, 35, 12, 82, 15, 87, 17
52, 2, 31, 7, 16, 7, 35, 24, 25, 56, 12, 75, 21, 83, 21, 89, 15, 91, 23
52, 10, 28, 10, 29, 24, 22, 31, 15, 64, 13, 64, 22, 71, 17, 76, 27, 87, 26, 89, 22, 90, 23
52, 68, 31, 71, 31, 90, 26, 91, 25
52, 5, 38, 62, 15, 70, 36, 73, 31, 91, 26
53, 0, 31, 1, 30, 22, 31, 36, 9, 67, 13, 67, 35, 77, 27, 81, 17, 83, 15, 87, 23, 90, 9, 91, 17, 92, 15, 92, 17, 92, 21, 94, 17, 94, 21, 95, 17
53, 0, 32, 23, 30, 36, 16, 39, 15, 56, 25, 93, 17
53, 1, 32, 3, 34, 11, 39, 13, 28, 15, 20, 44, 9, 90, 15, 91, 21
53, 8, 36, 60, 15, 69, 36, 77, 30, 83, 17, 91, 15
53, 26, 14, 39, 9, 66, 13, 77, 17
53, 0, 34, 1, 34, 4, 14, 7, 14, 9, 17, 10, 5, 11, 28, 14, 31, 22, 26, 23, 9, 24, 26, 36, 15, 45, 9, 52, 9, 62, 25, 63, 16, 65, 13, 66, 35, 69, 17, 70, 17, 72, 31, 76, 17, 88, 15
53, 10, 17, 27, 26, 32, 15, 65, 35, 80, 27
54, 4, 37, 27, 25, 78, 17, 90, 21
54, 9, 39, 21, 23, 22, 20, 25, 20, 25, 21, 35, 14, 40, 15, 55, 9, 61, 15, 75, 30, 84, 23, 85, 27, 93, 21
54, 4, 13, 4, 35, 5, 0, 10, 39, 13, 18, 24, 20, 25, 14, 25, 24, 25, 27, 26, 27, 37, 15, 57, 15, 67, 24, 85, 21, 95, 15
54, 1, 37, 10, 35, 13, 16, 16, 8, 22, 15, 24, 29, 38, 15, 42, 9, 57, 26, 89, 17, 90, 17, 95, 21
54, 5, 13, 10, 15, 11, 18, 23, 26, 24, 17, 27, 16, 33, 15, 59, 15, 67, 17, 68, 17
55, 12, 11, 17, 23, 46, 9, 63, 26, 66, 9, 66, 31, 86, 27, 93, 15
55, 7, 36, 9, 15, 14, 32, 16, 20, 22, 29, 26, 21, 27, 21, 28, 21, 30, 16, 35, 15, 36, 13, 67, 21, 79, 17, 83, 23, 84, 21, 84, 30, 85, 23, 86, 23
55, 1, 31, 23, 17, 54, 15, 60, 26, 61, 26, 63, 22, 73, 13, 74, 27, 84, 17, 89, 21, 94, 15
56, 8, 37, 24, 44, 75, 13, 92, 9
56, 3, 35, 8, 16, 23, 28, 29, 14, 43, 9, 50, 9, 61, 13, 65, 41, 66, 17, 78, 30, 80, 9, 80, 30
56, 2, 37, 4, 36, 6, 38, 13, 36, 54, 9, 55, 26, 58, 26, 61, 22, 61, 25, 67, 36, 74, 13
56, 2, 6, 7, 15, 14, 29, 18, 23, 23, 31, 24, 24, 35, 16, 55, 15, 58, 15, 64, 35, 67, 23
56, 27, 17, 27, 22, 34, 15, 39, 16, 58, 16, 62, 22
57, 0, 36, 24, 27, 28, 22, 36, 14, 50, 13, 66, 21, 68, 27, 72, 20, 82, 30, 87, 27, 93, 9
57, 0, 35, 1, 36, 8, 15, 9, 36, 12, 16, 14, 16, 19, 23, 23, 27, 28, 24, 28, 25, 56, 24, 56, 27, 61, 23, 62, 26, 65, 9, 71, 27, 72, 27
57, 37, 16, 59, 16, 59, 25, 64, 17, 65, 21, 70, 27, 78, 27, 79, 27, 82, 27
58, 2, 36, 6, 14, 11, 17, 12, 18, 20, 23, 24, 28, 26, 29, 26, 30, 27, 24, 28, 26, 29, 21, 29, 22, 29, 24, 34, 13, 40, 16, 59, 26, 60, 22, 60, 23, 69, 27, 70, 14
58, 26, 20, 48, 15, 53, 15, 58, 25, 59, 22
58, 5, 14, 26, 17, 28, 23, 38, 16
58, 0, 1, 15, 23, 59, 9, 72, 37
58, 60, 13, 60, 16, 64, 40, 82, 24, 95, 9
58, 1, 35, 8, 38, 9, 37, 15, 14, 25, 30, 27, 30, 28, 20, 72, 14, 73, 27, 88, 27
59, 7, 10, 27, 20, 30, 24, 34, 16, 39, 31, 42, 15, 61, 24, 63, 35
59, 11, 38, 61, 9, 63, 14, 64, 21, 65, 17, 69, 30, 77, 29, 79, 9
59, 23, 24, 25, 29, 37, 45, 51, 13, 66, 36, 81, 30
59, 24, 31, 57, 16, 57, 24, 57, 25, 76, 29
59, 2, 4, 3, 5, 3, 36, 6, 36, 13, 17, 22, 17, 34, 14, 58, 24, 60, 21
60, 9, 4, 22, 28, 59, 13, 62, 9, 76, 9, 79, 30
60, 9, 38, 11, 36, 12, 37, 14, 25, 56, 9, 57, 27, 60, 9, 70, 30, 71, 37, 75, 28, 78, 20, 85, 14
60, 10, 16, 22, 11, 24, 18, 25, 19, 58, 23, 63, 17, 76, 28
60, 5, 36, 6, 37, 61, 21, 95, 18
60, 28, 17, 30, 21, 30, 22, 33, 22, 71, 18
60, 43, 15, 44, 15, 59, 24, 70, 20
61, 12, 38, 13, 37, 17, 20, 49, 13, 66, 24, 68, 30, 91, 9
61, 14, 21, 14, 22, 14, 28, 22, 25, 22, 27, 52, 13
61, 24, 19, 32, 22, 38, 31, 59, 21, 60, 31
61, 25, 28, 27, 29, 32, 21, 34, 21, 46, 25, 53, 16, 54, 26, 58, 13, 74, 30, 78, 29, 86, 20
61, 30, 23, 31, 21, 34, 22, 40, 13, 41, 13, 62, 35, 72, 18
61, 12, 17, 23, 19, 26, 28, 30, 26, 54, 16, 55, 16, 57, 23, 58, 22
61, 61, 41, 63, 9, 69, 37, 85, 9
62, 25, 31, 56, 16, 69, 20, 74, 18, 77, 28
62, 10, 36, 17, 26, 27, 31, 31, 26, 35, 21, 36, 25, 57, 13, 61, 27, 61, 31, 65, 27, 66, 23, 66, 27, 67, 30, 72, 30, 83, 20, 91, 18, 94, 20
62, 28, 27, 32, 25, 64, 27, 92, 20
62, 25, 13, 31, 22, 31, 24, 36, 24, 45, 22, 46, 22, 57, 22, 62, 21
62, 13, 38, 22, 34, 36, 46, 67, 9
62, 20, 26, 24, 34, 35, 25, 37, 46, 39, 43, 55, 25, 86, 18
62, 11, 37, 14, 37, 35, 22, 36, 45, 54, 25, 71, 30, 75, 9, 85, 24
63, 58, 42, 59, 41, 63, 42, 65, 39, 77, 9
63, 23, 34, 57, 9, 61, 32, 64, 9, 73, 30, 75, 29, 78, 9
63, 22, 9, 39, 45, 56, 13, 59, 17, 84, 24
63, 40, 93, 40, 94, 64, 42, 86, 30
63, 26, 19, 35, 24, 62, 14, 77, 20, 80, 14, 80, 20, 82, 20, 91, 20
63, 10, 37, 14, 18, 25, 18, 26, 18, 31, 23, 36, 21, 48, 16, 50, 16, 53, 13, 54, 13, 54, 31, 95, 20
64, 41, 44, 57, 43, 58, 43, 58, 44, 60, 32, 60, 40, 67, 38, 84, 9
64, 5, 7, 35, 23, 41, 43, 59, 42, 61, 40, 68, 37, 84, 29
64, 22, 22, 22, 41, 36, 44, 56, 44, 62, 31, 87, 24
64, 19, 26, 55, 22, 58, 21, 59, 31, 61, 35, 85, 28
64, 27, 28, 39, 30, 42, 16, 42, 22, 45, 26, 46, 26, 51, 16, 52, 26, 54, 24, 55, 13, 55, 31, 56, 22, 58, 27, 60, 35, 62, 17, 63, 36, 73, 18, 75, 18, 85, 20, 90, 18
64, 37, 21, 70, 18, 82, 18, 83, 18
64, 34, 17, 35, 17, 40, 31, 44, 22, 45, 16, 49, 16, 52, 16, 55, 24, 60, 17, 61, 17, 75, 20, 79, 20
65, 14, 35, 40, 45, 56, 32, 70, 9
65, 9, 11, 37, 41, 38, 30, 51, 26, 59, 43, 60, 42, 85, 29
65, 22, 21, 22, 23, 38, 44, 52, 43, 53, 43, 57, 41, 60, 43, 61, 14, 62, 36, 62, 40, 65, 30
65, 6, 1, 36, 43, 52, 42, 54, 43, 55, 43, 61, 36, 87, 20
65, 6, 8, 29, 20, 33, 17, 33, 23, 34, 23, 37, 31, 51, 44, 55, 23, 77, 18, 87, 18
65, 36, 22, 38, 21, 47, 22, 55, 21, 66, 30, 80, 29, 84, 18, 84, 20, 89, 20
65, 17, 8, 33, 25, 56, 31, 58, 17
65, 18, 26, 36, 23, 43, 22, 44, 25, 46, 16, 47, 16, 57, 21
65, 33, 24, 34, 20, 39, 17, 45, 21, 57, 31, 74, 20, 89, 18
66, 21, 20, 22, 35, 34, 26, 35, 46, 42, 44, 43, 44, 48, 13, 50, 44, 53, 23, 56, 42, 69, 38
66, 15, 9, 29, 27, 34, 25, 35, 20, 35, 26, 37, 24, 52, 25, 59, 35, 63, 27
66, 24, 35, 34, 24, 36, 20, 37, 22, 39, 21, 39, 22, 40, 22, 40, 42, 41, 22, 44, 26, 50, 26, 56, 21, 67, 37, 78, 28, 81, 18, 90, 20
66, 54, 21, 55, 30, 57, 32, 81, 28
66, 28, 14, 39, 25, 44, 16, 54, 22, 76, 18, 76, 20, 93, 20
66, 40, 30, 43, 16, 53, 25, 56, 30
66, 21, 43, 22, 46, 38, 35, 53, 44, 61, 43
67, 37, 51, 39, 88, 42, 85, 60, 79, 71, 38
67, 38, 22, 60, 27, 79, 28, 80, 18
67, 23, 35, 36, 26, 36, 42, 40, 17, 40, 26, 49, 25, 49, 26, 52, 44, 54, 30, 59, 40, 60, 30, 61, 30, 62, 27, 71, 19, 72, 19, 79, 29, 81, 29, 93, 19, 94, 19
67, 30, 27, 47, 26, 53, 22, 60, 36
67, 33, 20, 37, 23, 40, 23, 40, 25, 53, 31, 55, 27, 67, 20, 88, 20
67, 22, 40, 23, 41, 39, 34, 40, 14, 53, 42, 54, 44, 83, 29
67, 22, 24, 29, 17, 41, 45, 66, 37, 77, 7, 86, 29
68, 43, 21, 56, 41, 57, 17, 68, 18
68, 41, 42, 42, 13, 42, 43, 51, 43, 55, 42, 55, 44, 74, 19, 86, 24
68, 9, 10, 36, 31, 37, 30, 38, 25, 38, 42, 39, 26, 41, 21, 42, 21, 55, 17, 74, 28, 79, 14, 86, 19
68, 28, 19, 36, 41, 37, 20, 39, 42, 48, 24, 50, 22, 81, 14, 91, 19
69, 33, 50, 62, 87, 63, 91, 63, 92
69, 15, 26, 36, 30, 38, 41, 52, 41, 88, 28
69, 18, 20, 37, 13, 38, 24, 41, 17, 41, 26, 43, 25, 49, 14, 51, 22, 63, 30
69, 14, 24, 39, 20, 50, 21, 58, 40, 61, 20, 69, 28, 72, 28, 85, 19
69, 28, 28, 35, 43, 58, 30, 58, 32
69, 19, 40, 40, 51, 60, 92, 62, 93
69, 28, 29, 39, 24, 41, 24, 41, 30, 50, 25, 52, 24, 79, 18
69, 54, 17, 56, 17, 67, 18, 78, 18
70, 23, 47, 24, 46, 29, 50, 34, 34, 52, 32
70, 20, 20, 21, 40, 24, 41, 35, 42, 39, 41, 40, 41, 43, 43, 45, 43, 49, 44, 60, 14, 83, 28, 87, 28
70, 29, 30, 32, 20, 39, 46, 62, 24, 69, 29
70, 14, 12, 22, 18, 44, 43, 51, 24, 53, 30, 54, 42, 59, 27, 66, 20
70, 19, 20, 25, 23, 31, 27, 42, 26, 46, 44, 48, 23, 51, 21, 52, 31, 59, 30, 69, 19, 70, 19, 71, 28, 81, 19, 84, 19
70, 28, 18, 31, 20, 70, 28, 70, 29
70, 20, 93, 60, 88, 61, 91, 61, 94
70, 37, 35, 38, 20, 52, 17, 58, 35, 80, 19
70, 47, 24, 48, 21, 48, 22, 83, 19
70, 30, 50, 37, 49, 61, 86, 62, 91, 64, 92
71, 27, 23, 34, 41, 34, 43, 35, 41
71, 22, 36, 29, 31, 35, 18, 41, 14, 44, 13, 51, 23, 52, 27, 55, 41, 57, 30, 62, 30, 90, 19
71, 23, 14, 32, 17, 34, 18, 34, 35, 34, 42, 45, 13, 49, 24, 50, 23, 52, 22, 53, 27, 65, 37, 66, 18, 68, 28, 73, 28, 74, 29, 76, 19, 88, 19, 89, 19
71, 34, 44, 37, 18, 51, 31, 52, 21, 59, 36, 65, 20, 78, 19
71, 30, 20, 36, 18, 42, 25, 47, 13, 52, 23, 79, 19
71, 49, 22, 51, 17, 54, 27, 72, 29, 82, 19
71, 7, 2, 22, 48, 31, 50, 66, 7, 87, 29, 89, 28
71, 18, 90, 41, 85, 42, 82, 59, 89
72, 22, 37, 29, 34, 35, 27, 36, 35, 42, 31, 46, 13, 51, 27, 68, 19
72, 36, 19, 39, 13, 48, 17, 49, 17, 50, 17, 50, 24, 64, 20, 67, 29, 73, 29
72, 34, 19, 42, 17, 43, 13, 49, 21, 56, 35
72, 28, 35, 47, 17, 49, 23, 62, 23
72, 21, 32, 28, 34, 36, 34, 37, 48
72, 16, 9, 36, 40, 44, 42, 45, 42, 47, 44
72, 14, 33, 23, 40, 30, 17, 35, 30, 35, 35, 48, 44, 53, 41, 60, 20
72, 38, 40, 45, 20, 50, 27, 65, 38
73, 19, 95, 34, 40, 37, 47, 43, 50, 49, 41
73, 14, 30, 23, 36, 26, 23, 35, 19, 42, 30, 50, 41, 64, 14, 68, 29
73, 30, 30, 31, 31, 33, 18, 33, 30, 33, 41, 54, 41, 65, 24
73, 40, 46, 60, 29, 64, 38, 93, 8
73, 21, 29, 27, 14, 36, 27, 43, 31, 44, 17, 44, 20, 52, 30, 83, 24
73, 15, 17, 29, 28, 30, 31, 33, 35, 34, 27, 39, 27, 46, 17, 46, 20, 59, 20, 64, 18, 66, 28, 67, 28
74, 16, 14, 36, 48, 38, 47, 61, 7
74, 15, 37, 28, 13, 30, 18, 38, 36, 46, 27, 63, 39
74, 24, 36, 29, 18, 47, 27, 50, 30, 50, 31, 56, 36, 67, 19
74, 27, 44, 33, 42, 51, 32, 53, 20
74, 34, 31, 38, 27, 40, 20, 55, 20, 65, 18, 78, 14
74, 24, 23, 30, 19, 31, 17, 36, 29, 37, 19, 39, 29, 40, 27, 45, 24, 56, 28, 63, 20
74, 32, 27, 43, 17, 45, 17, 63, 18
75, 0, 3, 11, 12, 21, 14, 27, 35, 38, 19, 41, 41, 42, 20, 67, 14
75, 18, 9, 22, 14, 47, 23, 49, 49
75, 20, 14, 31, 30, 32, 31, 37, 29, 41, 20, 44, 30, 49, 27, 60, 28, 63, 37, 66, 29
75, 19, 94, 49, 50, 62, 88, 62, 89, 63, 7
76, 15, 11, 15, 12, 23, 37, 33, 44, 46, 41, 47, 41, 48, 41, 60, 39, 61, 39, 64, 29
76, 31, 28, 32, 49, 34, 36, 51, 20
76, 37, 27, 62, 39, 65, 28, 68, 14
76, 15, 29, 22, 16, 27, 41, 31, 14, 33, 29, 33, 43, 37, 36, 39, 19, 40, 34, 42, 27, 43, 30, 44, 27, 45, 27, 48, 27, 49, 31, 54, 20, 61, 29
76, 31, 19, 32, 30, 50, 20, 52, 20, 58, 36, 60, 18
77, 11, 11, 20, 12, 31, 18, 34, 29, 45, 41
77, 14, 27, 30, 29, 31, 29, 32, 28, 37, 14, 45, 30, 48, 45, 55, 29, 59, 18, 64, 28
77, 48, 20, 60, 37, 61, 18, 61, 37
77, 28, 45, 44, 50, 45, 50, 46, 51
77, 19, 12, 27, 48, 35, 29, 37, 39, 49, 42, 59, 39, 65, 29
77, 26, 8, 34, 47, 43, 32, 57, 36
78, 18, 12, 30, 49, 32, 44, 65, 23
78, 35, 36, 36, 28, 36, 36, 44, 41, 46, 23, 47, 30, 53, 29, 63, 28, 63, 29
78, 22, 10, 28, 40, 32, 29, 33, 28, 36, 39, 37, 28, 38, 28, 39, 28, 48, 30, 52, 28, 58, 18, 59, 14, 62, 28, 66, 19
79, 29, 44, 32, 41, 44, 32, 48, 49, 56, 39
79, 1, 3, 21, 17, 30, 35, 33, 14, 40, 18, 40, 28, 41, 28, 42, 29, 46, 30, 46, 31, 48, 14, 48, 31, 51, 29, 52, 18
79, 14, 13, 50, 29, 53, 28, 59, 37, 65, 19
80, 19, 37, 23, 38, 32, 46, 33, 47, 62, 37
80, 39, 47, 47, 49, 50, 28, 56, 37
80, 28, 42, 32, 35, 47, 31, 51, 28, 57, 18, 58, 14, 61, 19
80, 16, 17, 17, 17, 23, 39, 24, 13, 40, 19, 49, 20, 54, 29
81, 8, 10, 20, 32, 23, 13, 27, 40, 37, 37, 50, 45, 57, 39, 62, 19
81, 16, 29, 17, 29, 32, 43, 33, 36, 44, 24, 49, 32, 55, 18, 58, 28
81, 14, 38, 17, 14, 29, 41, 31, 47, 44, 47, 54, 28
81, 27, 46, 40, 47, 44, 34, 50, 34
82, 43, 18, 47, 29, 53, 18, 53, 19, 59, 19, 60, 19
82, 19, 88, 20, 86, 21, 87, 22, 86
82, 16, 5, 29, 7, 39, 8, 42, 50
82, 20, 37, 21, 48, 34, 8, 48, 47
82, 21, 34, 24, 38, 27, 36, 28, 37, 29, 46, 30, 48, 31, 44
82, 30, 44, 33, 13, 34, 39, 35, 39, 37, 38, 63, 38
82, 27, 43, 28, 43, 31, 41, 33, 8, 45, 19, 48, 28, 49, 28, 54, 18, 61, 38
83, 15, 32, 19, 9, 47, 47, 63, 24
83, 4, 7, 38, 14, 42, 24, 43, 19, 43, 29, 45, 28, 45, 29, 48, 29, 57, 29, 59, 38
83, 30, 41, 47, 18, 50, 19, 56, 38, 60, 38, 69, 14
83, 19, 17, 20, 17, 42, 18, 44, 18
83, 44, 19, 46, 18, 47, 19, 47, 28, 56, 18, 57, 14
84, 45, 47, 46, 48, 48, 32, 48, 48
84, 16, 34, 44, 28, 46, 29, 57, 19
84, 1, 4, 21, 35, 23, 23, 29, 40, 39, 14, 46, 28, 49, 29, 49, 43, 53, 14, 62, 38, 95, 14
86, 16, 32, 31, 43, 33, 39, 33, 40, 89, 14
87, 3, 6, 25, 42, 32, 38, 35, 38, 39, 48
87, 19, 32, 27, 37, 49, 19, 55, 14
87, 21, 9, 28, 38, 35, 37, 43, 24
88, 16, 12, 25, 41, 46, 45, 56, 14, 86, 14
88, 27, 39, 33, 37, 34, 37, 78, 8
89, 32, 40, 33, 38, 43, 47, 56, 45
89, 76, 14, 88, 14, 92, 14, 94, 14
90, 21, 41, 25, 45, 32, 39, 34, 38
101, 1, 69, 3, 61, 67, 54, 72, 56
102, 0, 69, 5, 63, 6, 62, 67, 56, 68, 56, 74, 54
103, 1, 47, 1, 68, 2, 67, 8, 43, 75, 54
104, 2, 61, 13, 41, 68, 54, 80, 55, 81, 55, 84, 51
104, 5, 46, 66, 54, 69, 51, 74, 55, 76, 55, 78, 36, 78, 41, 78, 42
105, 3, 59, 5, 59, 6, 46, 7, 46, 8, 44, 73, 51, 75, 51, 79, 41, 81, 56, 82, 54
105, 1, 61, 4, 58, 4, 59, 7, 45, 10, 59, 11, 43, 94, 56, 95, 56, 95, 57
105, 2, 60, 3, 60, 4, 46, 8, 45, 10, 43, 12, 58, 72, 45
106, 3, 66, 71, 41, 80, 54, 91, 57
106, 0, 62, 0, 63, 1, 66, 2, 59, 8, 61, 9, 57, 9, 60, 10, 56, 11, 45, 12, 55, 69, 41, 72, 46, 77, 51, 79, 56, 83, 56, 93, 57, 95, 55
106, 7, 44, 9, 44, 76, 51, 81, 54, 88, 53
106, 2, 48, 5, 45, 6, 45, 9, 43, 10, 45, 11, 44, 12, 43, 85, 51, 86, 51, 87, 45
106, 0, 48, 1, 48, 72, 51, 82, 51, 88, 45, 94, 57
107, 4, 65, 5, 64, 79, 54, 80, 57, 83, 55, 87, 54, 88, 54, 93, 55
107, 7, 51, 9, 56, 11, 59, 69, 52, 70, 41, 71, 45, 73, 46, 78, 54, 78, 56, 80, 41, 81, 51, 81, 57, 87, 56, 95, 54
107, 1, 60, 13, 43, 75, 50, 84, 54, 88, 55
107, 8, 46, 79, 55, 87, 42, 91, 56, 94, 55
107, 5, 47, 5, 52, 11, 55, 80, 51, 81, 41, 83, 50, 83, 54, 89, 55, 92, 57, 93, 56
108, 6, 51, 10, 46, 22, 52, 71, 40, 77, 41, 77, 42, 79, 51, 87, 46, 90, 56, 90, 57, 92, 56
108, 0, 54, 0, 55, 1, 55, 3, 58, 5, 57, 5, 58, 70, 45, 73, 44, 86, 42, 87, 55, 88, 56, 89, 56, 90, 51, 90, 55, 91, 55
108, 0, 67, 4, 52, 7, 58, 68, 52, 68, 53, 92, 55
108, 13, 45, 72, 41, 74, 50, 78, 43, 82, 57, 83, 57, 84, 55, 85, 57, 86, 50, 89, 54
109, 65, 54, 69, 50, 71, 50, 86, 56, 91, 42
109, 0, 61, 6, 57, 79, 50, 85, 54
109, 0, 53, 0, 56, 2, 54, 7, 47, 8, 57, 13, 58, 73, 43, 74, 41, 74, 45, 82, 50, 84, 57, 86, 41, 86, 57, 87, 57, 91, 51
109, 3, 48, 6, 47, 10, 55, 11, 46, 12, 45, 84, 50, 88, 32
109, 1, 54, 5, 51, 8, 47, 8, 56, 9, 55, 13, 42, 77, 37, 82, 41, 88, 57, 89, 32
110, 0, 49, 1, 53, 2, 53, 3, 52, 5, 53, 8, 55, 12, 54, 76, 45, 77, 50, 78, 50, 79, 43, 80, 50, 81, 50, 85, 42, 85, 56, 88, 42, 90, 42, 91, 54, 92, 51, 93, 51, 94, 45, 95, 51
110, 2, 58, 10, 47, 10, 54, 72, 40, 72, 50, 74, 46, 75, 45, 76, 44, 80, 36, 81, 40, 86, 55, 92, 42
110, 71, 42, 72, 44, 76, 50, 90, 54, 93, 54, 94, 54
110, 1, 59, 4, 48, 6, 52, 9, 47, 72, 42, 81, 42, 94, 51
110, 73, 50, 80, 42, 82, 35, 89, 57, 92, 54
111, 6, 58, 8, 51, 76, 42, 79, 52, 93, 44
111, 2, 55, 2, 68, 3, 53, 7, 57, 8, 50, 8, 60, 13, 53, 14, 58, 68, 51, 69, 45, 70, 52, 71, 46, 77, 43, 77, 45, 79, 40, 80, 40, 85, 50, 87, 31, 87, 41, 87, 44, 88, 44, 89, 42, 89, 51
111, 0, 57, 1, 49, 67, 51, 74, 44, 77, 44, 78, 40, 86, 54, 94, 41, 95, 45
111, 4, 51, 4, 53, 7, 50, 74, 42, 76, 41, 85, 41, 92, 35
111, 13, 54, 78, 37, 78, 44, 87, 32
112, 68, 57, 81, 43, 88, 35, 95, 50
112, 3, 54, 5, 60, 11, 56, 68, 50, 74, 43, 78, 45, 79, 36, 81, 36, 82, 43, 85, 43, 85, 55, 87, 35, 89, 52, 95, 44
112, 1, 58, 4, 50, 5, 50, 8, 48, 8, 49, 82, 40, 83, 36, 88, 41, 93, 52, 95, 42
112, 6, 50, 75, 41, 83, 35, 85, 35, 90, 32
112, 2, 49, 5, 48, 11, 53, 75, 44, 76, 43, 79, 45, 84, 42, 86, 35, 91, 35, 93, 35
113, 70, 42, 71, 44, 74, 52, 86, 52
113, 0, 52, 2, 52, 12, 53, 14, 43, 70, 46, 75, 46, 77, 40, 79, 44, 81, 44, 81, 45, 82, 44, 83, 42, 84, 41, 84, 45, 92, 44, 93, 43, 94, 46, 95, 41
113, 3, 49, 9, 48, 80, 44, 83, 45, 85, 44, 94, 42, 94, 50
113, 4, 57, 75, 42, 80, 52, 83, 44, 84, 35, 92, 32
113, 12, 46, 74, 40, 75, 43, 91, 32, 94, 44, 94, 52
113, 62, 56, 80, 43, 83, 43, 84, 43
114, 3, 51, 7, 48, 65, 43, 89, 35, 90, 35
114, 0, 50, 6, 48, 11, 47, 71, 52, 73, 40, 79, 37, 81, 52, 82, 45, 85, 45, 86, 32, 87, 47, 90, 31, 93, 36, 93, 42, 94, 36
114, 0, 58, 0, 60, 5, 49, 9, 50, 69, 42, 86, 45, 95, 43
115, 7, 55, 9, 49, 9, 54, 13, 55, 67, 42, 77, 46, 78, 52, 80, 46, 85, 52, 86, 36, 88, 31, 88, 51, 89, 31, 90, 36, 91, 31, 91, 50, 92, 36, 94, 43
115, 0, 51, 68, 45, 69, 44, 69, 46, 91, 36
116, 10, 60, 13, 57, 60, 56, 84, 36
116, 1, 57, 10, 53, 11, 58, 22, 53, 76, 46, 78, 46, 79, 46, 91, 52, 95, 27, 95, 46
117, 0, 59, 2, 50, 2, 56, 2, 57, 3, 57, 5, 54, 10, 48, 13, 46, 75, 40, 85, 36, 89, 44, 92, 31, 93, 50, 94, 31
118, 1, 50, 2, 51, 4, 54, 7, 54, 67, 45, 79, 39
118, 13, 52, 60, 54, 68, 42, 69, 53, 95, 36
119, 16, 57, 22, 54, 65, 51, 69, 57, 93, 31
119, 8, 52, 67, 52, 68, 44, 69, 49, 72, 43, 76, 52, 79, 38, 80, 39, 90, 44
120, 3, 67, 22, 55, 58, 54, 92, 37
120, 8, 58, 23, 56, 26, 56, 32, 55, 66, 45, 68, 49
120, 3, 56, 10, 52, 29, 56, 74, 49, 81, 39, 95, 35
120, 7, 53, 9, 53, 10, 51, 70, 49, 83, 37, 86, 43, 93, 37, 95, 40
121, 31, 55, 35, 54, 37, 56, 65, 44, 68, 46
121, 9, 52, 16, 43, 17, 57, 73, 49, 84, 40
121, 11, 48, 11, 52, 83, 49, 93, 45
121, 13, 47, 74, 47, 78, 49, 82, 37
122, 11, 50, 11, 51, 13, 50, 15, 57, 55, 52, 78, 39, 80, 53, 81, 47, 89, 30
122, 8, 53, 14, 46, 72, 47, 72, 49, 77, 52, 79, 49, 80, 38, 90, 50
123, 13, 51, 34, 54, 57, 54, 65, 45, 76, 49, 95, 49
123, 28, 54, 54, 56, 57, 55, 91, 58
124, 57, 57, 65, 50, 82, 82, 95, 58
125, 11, 49, 36, 54, 36, 55, 64, 44, 67, 53, 87, 39, 95, 53
125, 56, 54, 75, 47, 77, 49, 83, 47, 86, 39, 86, 47, 94, 47, 94, 49
127, 37, 54, 66, 46, 73, 53, 78, 53, 79, 47, 91, 39
127, 21, 54, 40, 56, 75, 39, 75, 48
127, 12, 49, 69, 48, 71, 47, 81, 48, 81, 87, 95, 28
128, 70, 47, 77, 39, 82, 38, 94, 29
129, 25, 54, 67, 47, 84, 47, 93, 38, 93, 41
129, 35, 53, 53, 55, 55, 53, 72, 53, 76, 39, 89, 53
129, 24, 53, 36, 53, 39, 55, 76, 47
130, 35, 57, 48, 56, 50, 56, 90, 39
130, 3, 62, 72, 48, 79, 48, 95, 39
131, 40, 54, 41, 55, 61, 52, 65, 49
136, 19, 54, 36, 57, 42, 54, 51, 54
145, 15, 54, 59, 53, 63, 53, 84, 53, 85, 53, 86, 48
146, 25, 94, 53, 95, 76, 92, 91, 85
157, 23, 58, 50, 58, 53, 59, 80, 59, 86, 59
158, 28, 90, 31, 84, 49, 85, 54, 91
163, 31, 59, 34, 59, 36, 59, 49, 58
172, 6, 85, 12, 82, 14, 80, 17, 62
178, 3, 79, 16, 82, 54, 72, 94, 74
178, 18, 71, 58, 68, 84, 63, 84, 64, 87, 72, 91, 74
179, 5, 72, 29, 74, 52, 71, 52, 73, 95, 64
180, 7, 87, 17, 82, 43, 76, 59, 76
181, 4, 91, 7, 70, 15, 69, 68, 72
182, 6, 72, 15, 82, 37, 72, 45, 71
184, 17, 76, 44, 75, 52, 72, 92, 67
184, 8, 73, 56, 65, 79, 64, 79, 65
186, 21, 65, 31, 72, 36, 71, 50, 73, 58, 67
187, 8, 76, 18, 62, 53, 68, 57, 68, 61, 68, 83, 66
188, 10, 79, 26, 72, 50, 67, 84, 70
189, 15, 66, 20, 64, 28, 63, 74, 74
189, 4, 85, 12, 75, 16, 69, 19, 74, 52, 70, 83, 68
189, 5, 77, 11, 80, 13, 68, 94, 73
190, 3, 91, 17, 65, 21, 74, 61, 70
191, 6, 78, 13, 74, 19, 72, 46, 71
191, 1, 86, 16, 76, 16, 80, 29, 73, 57, 69, 91, 77
192, 4, 90, 14, 75, 25, 76, 56, 66, 63, 67
192, 28, 73, 32, 74, 70, 69, 87, 62
193, 13, 75, 18, 79, 25, 71, 27, 62, 75, 75, 85, 75
193, 16, 64, 18, 74, 22, 63, 50, 74, 86, 70
193, 1, 92, 21, 71, 33, 68, 78, 62
194, 38, 67, 65, 64, 69, 68, 89, 70
195, 6, 83, 19, 68, 58, 62, 71, 65, 87, 68
195, 4, 75, 5, 78, 27, 67, 44, 74, 61, 69, 66, 66, 69, 62
195, 5, 90, 52, 61, 89, 72, 91, 73
196, 59, 68, 69, 70, 78, 64, 89, 75
196, 4, 82, 10, 65, 25, 70, 54, 70, 59, 64, 94, 70
197, 13, 78, 36, 70, 39, 63, 75, 62, 88, 73
197, 3, 78, 11, 65, 14, 78, 54, 69, 67, 64, 80, 68
197, 12, 76, 13, 76, 17, 67, 91, 63, 95, 67
198, 3, 82, 36, 73, 70, 68, 87, 61, 92, 75
199, 6, 74, 15, 76, 18, 72, 25, 63, 70, 63
199, 5, 81, 7, 80, 35, 73, 40, 66, 67, 68, 72, 70
199, 20, 72, 27, 68, 44, 62, 49, 65, 71, 73, 72, 62, 77, 65
200, 35, 67, 41, 62, 70, 64, 73, 64, 75, 63, 91, 64
201, 19, 70, 31, 74, 70, 70, 82, 63, 84, 65
201, 25, 72, 45, 64, 73, 71, 76, 71
203, 15, 67, 31, 64, 31, 71, 54, 67, 88, 62
203, 10, 68, 16, 71, 28, 64, 38, 61, 74, 65, 85, 76, 89, 73
203, 17, 64, 64, 67, 71, 66, 90, 71
203, 11, 71, 22, 61, 33, 73, 66, 68, 66, 70, 78, 67, 80, 65, 84, 74
203, 10, 76, 13, 66, 57, 64, 62, 68
204, 13, 69, 14, 76, 24, 62, 24, 65, 24, 72, 28, 75, 29, 66, 39, 67, 41, 61, 42, 64, 66, 72, 90, 62, 95, 65
204, 16, 67, 24, 66, 49, 70, 73, 69, 88, 77, 89, 64
204, 15, 73, 55, 69, 75, 67, 87, 66
204, 11, 75, 36, 74, 65, 66, 68, 67, 85, 72
204, 27, 66, 42, 63, 53, 66, 64, 62, 90, 75, 92, 74, 93, 76, 95, 66
205, 18, 70, 22, 71, 59, 65, 83, 65, 90, 68
205, 35, 71, 46, 65, 48, 68, 50, 64
205, 11, 72, 35, 70, 56, 62, 68, 71
205, 12, 72, 23, 71, 24, 67, 25, 61
206, 10, 71, 19, 65, 24, 71, 28, 68, 28, 70, 79, 63, 85, 70
206, 9, 78, 12, 78, 17, 68, 18, 75, 76, 63
206, 38, 62, 48, 70, 53, 62, 63, 68
207, 23, 65, 24, 68, 45, 65, 83, 70, 85, 69
207, 30, 69, 65, 69, 70, 62, 87, 67, 88, 72, 91, 72
208, 39, 64, 40, 64, 46, 61, 47, 64, 59, 63, 82, 69
209, 58, 61, 69, 63, 72, 61, 73, 65
209, 7, 77, 19, 73, 20, 66, 24, 64, 31, 65, 44, 61, 60, 61, 64, 64, 67, 67, 82, 67
209, 26, 70, 26, 71, 72, 69, 86, 74
210, 18, 65, 20, 68, 29, 71, 65, 70, 81, 67, 84, 66, 85, 63, 88, 63
210, 32, 72, 33, 74, 90, 61, 91, 70
210, 9, 74, 58, 63, 60, 68, 83, 64
211, 23, 69, 30, 73, 61, 66, 88, 71
211, 16, 74, 75, 61, 75, 73, 81, 65
211, 26, 64, 73, 75, 74, 72, 84, 67
212, 20, 67, 23, 62, 54, 68, 57, 61, 68, 70, 70, 65, 71, 71
212, 8, 77, 69, 65, 78, 61, 89, 65
213, 14, 69, 14, 70, 27, 63, 74, 70
214, 18, 73, 19, 71, 28, 65, 86, 64
214, 21, 64, 30, 66, 31, 68, 86, 65, 90, 67
215, 25, 69, 59, 67, 76, 68, 78, 65, 79, 68
215, 33, 61, 38, 65, 73, 68, 81, 66
216, 26, 63, 41, 63, 44, 63, 51, 63
216, 11, 78, 17, 69, 70, 67, 71, 61, 84, 75
217, 33, 64, 34, 66, 47, 61, 67, 66, 71, 70
217, 49, 64, 51, 61, 59, 66, 71, 69, 77, 63, 82, 68
218, 63, 62, 66, 63, 66, 69, 67, 65
218, 27, 65, 45, 67, 49, 69, 60, 64, 61, 61
220, 20, 71, 23, 67, 24, 63, 68, 68, 69, 64
221, 25, 68, 34, 67, 58, 65, 70, 66
221, 28, 67, 35, 64, 38, 64, 46, 62
222, 29, 69, 37, 61, 38, 63, 60, 62, 72, 65
224, 26, 68, 31, 67, 32, 69, 44, 64
230, 56, 61, 59, 61, 70, 61, 73, 61
